91 35 34 54 85 6 86 24 19 9 92 64 11 89 52 100 18 15 83 105 27 59 -1
36 72 92 18 34 83 94 2 35 8 62 53 63 55 101 27 21 86 -1
108 72 92 18 34 83 105 94 101 55 63 8 49 35 15 54 24 102 -1
71 102 33 82 26 72 108 36 64 89 52 91 49 7 25 40 57 106 73 42 -1
12 63 55 101 27 59 95 17 56 87 45 2 83 3 19 82 23 9 66 -1
95 20 17 27 94 85 3 67 92 64 96 89 52 49 8 63 55 39 65 50 75 -1
32 27 94 85 19 82 26 29 30 44 92 67 93 35 8 63 53 90 91 100 -1
90 49 52 89 109 64 36 107 5 42 57 10 70 103 12 63 -1
4 36 64 89 52 91 8 63 2 15 54 22 85 94 27 17 65 61 -1
27 101 55 63 12 47 62 8 35 34 2 45 38 74 16 70 10 52 100 18 15 83 -1
36 72 92 67 98 18 66 3 19 82 26 43 44 48 79 73 106 57 -1
76 31 24 6 94 101 55 87 0 97 58 74 41 7 52 89 73 79 72 43 -1
17 27 105 81 94 101 55 39 78 65 56 87 38 12 16 -1
74 38 63 2 15 3 19 33 99 76 31 22 85 94 101 55 87 -1
53 63 55 101 27 21 46 86 6 54 15 35 8 62 103 7 52 89 73 -1
83 94 27 95 50 17 39 55 63 12 103 70 104 10 52 100 18 9 19 33 76 -1
22 6 86 28 21 27 105 83 35 49 7 52 89 64 79 72 43 30 -1
1 87 45 2 15 18 93 35 8 63 80 97 0 78 95 68 21 86 51 102 24 85 -1
106 73 79 72 44 82 99 76 33 19 3 15 2 45 53 90 91 52 89 96 -1
19 85 94 27 17 65 50 68 95 78 39 55 45 53 90 49 52 10 25 70 103 12 -1
69 43 72 36 5 42 96 64 92 9 19 85 94 27 17 75 68 21 28 -1
102 24 54 15 2 45 38 55 101 27 21 86 51 31 19 3 34 35 8 12 74 -1
37 10 52 100 93 3 34 35 8 12 60 41 103 62 53 63 2 15 66 -1
29 30 44 92 67 93 35 8 12 63 2 15 3 19 33 99 -1
106 73 64 92 9 23 19 24 86 21 46 51 31 33 82 26 29 -1
86 6 3 93 100 52 10 40 57 106 73 79 72 43 30 44 92 18 9 19 102 88 -1
4 108 72 44 82 33 31 71 102 24 54 15 2 35 49 52 89 42 -1
80 38 12 103 70 84 104 41 47 58 97 87 45 53 90 49 52 89 106 -1
95 27 105 83 35 49 52 89 106 57 10 70 16 74 58 80 45 2 15 54 22 -1
108 72 92 9 3 81 94 83 35 49 91 100 93 66 6 86 46 -1
40 57 106 73 79 48 92 18 15 2 45 87 56 17 27 94 85 -1
108 72 92 18 34 83 105 27 21 86 71 102 24 54 15 2 63 38 74 -1
101 55 87 56 61 0 80 38 53 90 91 52 89 11 64 92 18 15 2 45 -1
88 51 86 21 27 101 55 45 2 35 93 100 91 90 53 38 87 56 17 75 -1
72 92 18 15 2 45 55 39 65 17 68 21 86 51 88 102 33 99 -1
86 21 68 20 95 27 94 85 19 33 14 69 43 72 79 73 106 57 40 -1
86 24 19 82 44 48 92 18 34 83 94 101 55 63 8 49 52 89 11 5 -1
9 93 35 8 12 41 70 10 57 42 5 77 107 36 64 96 89 52 7 103 -1
70 103 12 63 55 101 27 21 28 86 6 3 98 18 15 2 45 38 74 -1
84 7 52 100 67 92 64 11 106 57 40 -1
108 72 92 18 15 2 45 87 56 65 50 13 32 27 94 85 3 9 -1
70 10 52 89 11 79 48 92 18 15 2 45 87 1 0 80 38 53 90 91 -1
68 95 27 94 85 66 18 92 64 96 42 89 52 100 93 3 15 2 45 87 56 61 -1
9 3 85 94 27 95 20 17 39 55 45 2 15 18 92 48 107 -1
34 83 105 27 95 50 68 59 21 86 6 3 93 100 52 10 57 -1
26 82 19 85 94 27 17 56 87 38 12 103 70 10 52 100 18 9 23 33 99 -1
31 24 54 15 2 63 12 16 103 62 8 35 93 67 92 72 79 64 89 52 7 84 -1
92 18 66 22 85 94 27 32 13 21 86 6 54 34 2 45 87 0 78 95 59 28 -1
83 94 27 17 78 39 55 63 12 103 7 40 57 106 73 79 72 43 29 -1
84 70 103 12 63 55 39 87 38 53 90 91 49 7 104 10 52 89 64 79 48 -1
92 64 109 89 52 10 70 16 12 63 55 39 65 50 13 21 86 51 102 14 -1
75 17 56 87 97 80 45 2 15 18 92 44 26 29 -1
31 19 9 18 100 52 7 25 40 57 42 5 11 64 92 67 93 35 8 62 47 -1
102 31 23 9 93 3 22 85 94 27 95 50 17 39 55 63 8 90 49 52 89 42 -1
43 72 92 18 15 35 49 7 104 70 16 12 63 55 39 17 95 68 -1
60 12 8 35 34 54 85 94 2 45 38 74 41 7 52 89 73 79 72 43 30 -1

36 64 92 18 34 83 94 2 45 53 62 8 35 15 54 6 86 -1
11 64 92 18 3 6 86 24 54 15 35 49 7 40 57 106 73 79 72 43 30 -1
108 72 92 18 34 83 105 94 101 55 63 8 49 35 15 54 6 81 86 21 27 17 -1
22 85 94 27 17 65 61 0 80 38 53 90 49 52 89 11 -1
66 85 94 27 17 56 87 45 2 83 105 81 86 21 59 95 78 39 55 63 12 16 -1
32 27 94 85 19 82 26 29 30 44 92 67 93 35 2 63 8 91 100 -1
91 49 7 25 40 57 106 73 42 5 36 72 43 69 30 44 92 67 -1
90 49 52 89 109 64 36 107 5 42 57 10 70 103 12 63 -1
74 38 45 2 83 3 19 33 99 76 102 24 85 94 101 55 87 -1
95 20 17 27 94 85 3 67 92 64 96 89 52 49 8 63 55 39 65 50 75 -1
0 87 55 101 27 21 86 51 88 102 19 9 18 15 2 45 80 97 1 -1
91 52 89 64 36 108 72 26 82 19 85 94 27 17 56 87 45 2 15 18 92 48 -1
11 89 52 49 35 83 94 27 59 95 17 39 55 63 12 103 7 57 106 73 79 48 -1
4 36 64 89 52 91 8 63 2 15 54 22 6 86 28 21 27 94 83 35 49 7 -1
71 102 19 82 33 31 24 85 94 101 55 87 0 61 1 97 58 74 16 70 10 57 -1
106 73 79 72 44 82 99 76 33 19 3 93 100 52 7 104 70 103 12 -1
43 72 79 64 89 52 7 41 12 63 2 15 66 18 98 67 92 48 36 -1
19 85 94 27 17 65 50 68 95 78 39 55 45 53 8 35 15 54 6 86 46 -1
27 101 55 63 12 47 62 8 35 34 2 45 38 87 56 17 68 21 86 51 -1
83 94 27 95 50 17 39 55 63 12 103 62 8 35 15 54 6 86 46 -1
44 48 79 73 106 57 40 10 52 100 93 3 19 102 51 86 6 85 -1
80 38 12 103 70 84 7 41 74 58 97 87 45 53 90 91 52 89 106 -1
37 10 52 100 93 3 34 35 8 12 60 41 74 38 45 2 15 18 9 -1
75 17 27 94 85 19 9 92 64 96 42 5 36 72 44 82 33 31 71 -1
29 30 44 92 67 93 35 8 12 103 70 25 10 52 49 90 53 63 55 39 17 95 -1
34 35 8 12 16 103 62 91 52 89 11 64 92 18 15 2 45 -1
75 68 21 28 59 27 101 55 63 12 103 70 10 52 89 73 79 48 -1
106 73 64 92 9 23 19 24 86 21 46 51 102 33 82 26 29 -1
4 36 72 44 82 33 31 71 102 24 54 15 2 35 49 52 89 42 -1
45 53 90 49 52 89 96 42 5 77 107 36 64 11 106 57 7 41 74 58 97 0 -1
72 92 18 15 2 45 55 39 65 56 87 38 12 103 70 -1
86 21 68 20 95 27 94 85 19 33 14 69 43 72 79 73 106 57 40 -1
58 80 55 101 94 6 54 34 35 8 12 60 74 38 45 2 15 3 85 -1
9 3 85 94 27 32 13 50 17 56 87 45 2 15 54 22 19 23 -1
46 86 6 54 15 35 49 8 63 55 39 17 68 95 27 94 85 66 -1
102 19 82 44 72 108 48 92 9 23 33 99 69 30 -1
84 7 52 100 67 92 64 11 79 72 44 82 19 85 94 27 17 75 50 65 0 97 -1
8 35 34 3 19 33 23 9 18 100 52 7 25 70 103 12 63 2 15 54 24 31 -1
91 35 15 54 24 102 88 31 33 99 82 44 92 64 89 106 57 37 7 103 62 -1
98 3 6 86 28 21 27 101 55 80 58 38 45 2 15 54 24 102 76 33 23 -1
45 55 39 17 20 95 27 94 85 3 9 93 35 8 12 16 -1
8 53 38 80 0 87 45 2 34 83 94 27 95 50 68 59 -1
1 87 45 2 15 18 92 48 44 82 19 85 81 6 24 31 14 -1
92 9 3 22 19 82 26 43 72 79 64 89 52 10 70 103 62 -1
92 64 109 89 52 10 70 16 103 7 57 106 73 79 72 -1
84 70 103 12 63 55 39 87 38 53 90 91 35 2 45 80 0 1 56 17 50 13 -1
101 94 83 35 49 52 89 11 5 42 57 7 41 47 12 63 2 15 54 24 102 71 -1
66 18 92 64 96 42 89 52 100 93 3 15 2 45 87 56 61 -1
29 43 72 79 73 106 57 40 7 103 12 63 55 39 78 -1
75 17 39 55 63 8 90 35 83 94 27 21 28 59 95 78 0 -1
36 72 44 82 33 31 88 51 86 21 27 17 65 39 55 101 94 105 -1
71 102 19 9 92 64 73 89 52 91 90 53 38 58 80 55 101 94 105 -1
60 12 8 35 34 3 19 33 99 82 44 72 36 5 -1
76 102 51 86 21 68 20 17 39 55 63 8 49 52 10 -1
103 7 52 89 96 64 79 73 42 5 36 72 92 18 15 83 94 27 95 50 65 61 -1
80 45 2 15 18 92 44 26 29 43 69 14 102 51 86 21 68 17 56 87 38 74 -1

76 33 19 85 94 101 55 87 0 80 63 8 35 15 54 3 93 100 91 49 7 25 -1
108 72 92 18 34 83 105 94 101 55 45 2 15 3 19 82 33 102 71 -1
83 94 27 95 50 65 39 55 63 12 103 62 8 35 15 54 6 86 46 -1
36 72 92 18 34 83 94 2 35 91 52 89 96 -1
66 85 94 27 17 68 21 86 81 105 83 2 45 55 39 78 0 97 58 74 16 -1
11 64 92 18 15 83 105 27 59 95 17 39 55 63 12 -1
27 101 55 63 12 47 62 8 35 34 2 45 38 74 16 -1
91 52 89 64 36 108 72 26 82 19 85 94 101 55 87 -1
43 72 36 5 42 57 10 52 91 35 15 54 6 94 2 45 38 58 97 87 -1
106 73 79 72 43 69 76 33 19 3 93 100 52 7 104 70 103 12 -1
66 18 92 72 43 44 48 79 73 89 52 7 41 12 8 35 93 9 -1
32 27 94 85 19 82 26 30 43 72 108 5 42 57 40 7 49 35 15 54 6 86 -1
92 18 34 83 94 27 21 86 6 54 15 3 19 33 99 -1
74 38 63 2 83 3 19 33 99 76 102 24 6 94 101 55 87 -1
95 20 17 27 94 81 3 67 92 64 96 89 52 91 8 63 55 39 65 50 75 -1
53 8 35 15 54 6 86 46 51 102 19 3 93 100 91 49 -1
32 27 94 85 19 82 26 29 43 44 92 18 93 35 8 12 103 70 25 10 -1
22 85 94 27 17 65 61 0 80 63 8 49 52 89 11 64 92 18 66 6 86 -1
19 85 94 27 17 65 39 55 45 2 15 18 92 72 79 64 89 52 10 70 16 -1
36 72 92 18 98 93 66 15 35 49 52 89 42 73 106 57 7 25 -1
22 6 86 28 59 95 50 75 17 27 94 85 19 3 15 2 45 87 56 -1
1 87 45 2 15 18 93 35 8 63 80 97 58 74 16 70 84 7 52 100 67 -1
4 36 64 89 52 91 8 63 53 90 49 7 57 106 73 109 11 5 107 -1
56 17 27 94 81 105 83 35 49 91 100 18 92 44 72 79 73 106 57 -1
106 73 64 92 9 23 19 24 86 21 46 51 31 33 82 26 29 -1
69 43 72 36 5 42 73 64 92 9 19 102 71 31 33 82 44 48 107 4 -1
53 63 55 39 17 68 50 65 56 87 45 2 15 18 92 48 108 5 42 57 40 -1
7 49 35 2 94 27 59 28 21 32 17 39 55 63 12 103 70 -1
37 7 52 100 93 3 34 35 8 12 60 41 74 58 97 0 78 95 59 28 -1
93 100 52 10 40 57 42 5 108 72 43 69 14 102 51 86 21 68 20 -1
45 63 8 91 52 89 96 42 5 77 107 36 79 73 106 57 7 41 -1
108 72 92 18 3 81 85 19 82 44 48 79 64 89 52 49 8 63 55 101 -1
74 12 62 91 52 89 64 92 44 82 99 33 19 3 34 35 49 7 70 -1
101 55 87 0 61 1 97 58 47 41 7 57 10 52 49 35 83 105 27 59 -1
52 100 18 9 19 31 24 54 15 35 49 7 25 40 57 42 5 -1
10 52 91 35 83 105 27 95 17 39 55 45 2 15 18 92 64 11 106 -1
88 102 24 85 94 101 55 45 2 15 66 9 3 6 86 21 13 50 17 56 87 -1
51 86 21 27 101 55 80 97 58 38 53 90 49 52 89 106 57 10 70 16 74 -1
45 2 83 3 19 33 76 102 24 85 94 101 55 80 58 47 103 7 52 89 96 -1
88 102 19 9 18 92 44 30 43 72 79 73 89 52 7 41 12 8 35 34 54 85 -1
51 102 24 85 54 34 35 8 12 60 74 38 63 2 15 3 19 33 99 76 31 88 -1
86 24 19 82 44 48 79 64 89 52 10 70 7 57 42 5 107 -1
91 35 34 54 24 102 88 31 33 82 44 72 36 64 92 18 15 83 94 27 59 -1
84 70 103 12 63 55 39 87 97 58 74 41 104 7 52 89 106 57 37 10 -1
75 17 56 87 97 80 45 2 15 18 92 72 43 29 26 44 48 108 5 42 57 40 -1
98 3 6 86 28 21 27 94 2 35 90 8 63 55 39 17 75 -1
92 64 109 89 52 10 70 16 12 8 35 34 3 19 31 24 54 15 2 45 -1
45 55 39 17 20 95 27 94 85 3 9 93 35 8 12 16 -1
34 83 94 27 95 50 65 61 0 80 63 8 49 52 89 64 36 107 -1
1 87 45 2 15 18 92 48 79 64 89 52 91 49 7 40 -1
101 55 63 8 49 52 89 11 5 42 57 7 41 47 62 90 35 34 3 19 102 71 -1
17 27 94 85 19 23 31 102 51 86 21 59 95 78 39 55 63 12 103 7 40 -1
74 38 55 101 27 21 86 71 51 46 28 59 95 50 75 -1
76 102 51 86 21 68 20 95 27 94 85 19 82 44 -1
14 33 19 85 81 3 9 23 82 26 44 92 18 66 93 35 8 53 90 91 100 67 -1
56 87 38 12 103 70 10 52 100 18 9 23 31 88 51 86 21 27 17 65 -1

22 6 94 27 17 65 61 0 80 63 8 49 52 89 11 64 92 18 3 81 86 -1
100 91 8 63 53 90 49 52 89 64 36 4 107 48 44 82 19 102 71 -1
76 33 19 85 94 101 55 87 0 80 63 12 41 7 52 89 73 79 72 43 -1
32 27 94 85 19 82 26 30 43 72 108 5 42 57 40 10 52 100 18 3 6 86 -1
85 54 15 35 91 52 89 64 36 108 72 92 18 3 6 94 105 27 101 -1
91 49 7 25 70 41 12 63 55 101 27 59 21 86 6 3 18 92 64 11 -1
19 85 94 27 17 65 50 68 95 78 39 55 63 53 8 35 15 54 6 86 46 -1
95 20 17 27 94 81 3 67 92 64 96 89 52 49 8 63 55 39 65 50 75 -1
36 72 92 18 98 93 66 85 94 27 17 56 65 50 68 21 86 81 -1
106 73 79 72 43 69 76 33 19 85 94 101 55 45 63 8 49 52 89 96 -1
27 101 55 63 12 47 62 8 35 34 2 45 38 53 90 91 100 18 9 19 102 -1
22 6 86 28 59 95 50 75 17 27 94 85 19 3 15 2 45 87 56 -1
74 38 45 2 83 3 19 33 99 76 31 22 85 94 101 55 87 -1
83 94 27 95 50 17 39 55 63 12 103 7 52 89 73 42 5 108 72 43 69 -1
90 49 52 89 109 64 36 107 5 42 57 7 70 41 12 63 55 101 27 21 28 -1
66 18 92 72 43 26 82 19 3 15 2 94 27 21 86 24 31 23 -1
32 27 94 85 19 82 26 29 43 72 92 18 34 35 8 12 41 104 7 103 -1
1 87 45 2 15 18 93 35 8 63 80 97 0 56 17 27 21 86 51 31 22 85 -1
29 43 72 92 18 93 100 52 10 40 57 42 5 36 48 44 82 19 24 86 -1
82 19 85 94 101 55 87 80 58 38 63 2 15 54 6 3 34 35 8 12 60 41 -1
37 10 52 100 18 3 67 92 64 89 106 73 79 72 26 82 23 19 85 94 27 17 -1
80 38 12 41 70 84 7 103 47 58 97 87 45 63 8 49 52 89 106 -1
34 35 8 12 16 74 38 63 2 83 94 27 17 78 95 68 21 86 81 -1
105 94 101 55 45 2 15 54 22 31 88 102 19 9 18 100 91 90 53 38 87 39 -1
94 83 35 8 62 53 63 55 101 27 21 86 28 59 68 20 -1
66 34 35 8 12 41 103 62 91 100 18 9 3 85 94 27 32 13 50 17 56 87 -1
74 12 8 49 52 89 64 92 44 82 99 33 19 3 83 2 45 53 62 103 70 -1
52 100 18 9 23 31 24 54 34 35 8 12 16 103 62 90 49 7 57 106 -1
73 89 52 7 25 10 70 103 12 63 55 39 17 95 -1
95 27 94 83 35 49 52 89 106 57 10 70 16 74 58 80 -1
71 102 19 82 44 72 36 5 42 89 52 49 35 2 15 18 92 48 107 -1
101 55 87 0 61 1 97 58 74 16 70 10 57 7 49 35 83 94 27 59 -1
108 72 92 18 3 81 85 19 82 44 48 79 64 89 52 10 70 103 12 38 87 56 -1
7 52 89 11 79 72 43 30 26 82 19 3 34 35 8 12 41 -1
103 62 8 35 15 54 6 86 46 21 27 101 55 63 53 90 49 -1
84 7 52 100 67 93 35 8 53 62 103 70 10 -1
14 102 51 86 21 68 20 95 27 94 85 3 9 92 64 73 42 89 52 100 93 66 -1
24 19 33 82 44 92 64 89 52 7 25 70 103 62 8 35 34 3 22 31 -1
102 19 82 44 72 108 79 73 106 89 52 91 35 83 94 27 32 13 21 86 6 22 -1
101 94 83 15 18 92 48 79 64 89 52 49 90 53 38 87 1 0 80 63 8 91 -1
45 53 90 49 52 89 11 64 92 18 3 85 94 27 17 75 50 65 0 97 -1
104 7 49 35 34 3 19 33 76 31 22 54 15 2 45 38 58 -1
29 26 82 19 24 86 21 27 101 55 63 12 47 41 7 57 42 5 -1
98 3 6 86 28 21 27 101 55 80 58 74 12 62 91 100 93 35 2 45 87 0 -1
84 70 103 12 63 55 39 87 38 74 41 104 7 52 89 -1
26 82 19 85 94 27 17 56 87 45 2 15 54 6 86 21 32 -1
45 55 39 17 20 68 21 86 51 102 76 33 19 3 98 67 100 52 7 84 -1
92 64 109 89 52 10 70 16 103 7 57 106 73 79 72 -1
74 38 55 101 27 21 86 71 102 19 9 92 64 73 89 52 91 62 12 60 58 -1
14 33 19 9 18 100 52 10 40 7 103 12 63 55 39 78 17 27 105 -1
77 5 42 57 7 41 12 63 55 39 65 50 68 21 86 51 88 31 33 99 -1
102 31 23 9 93 3 85 94 27 17 75 50 65 39 55 63 12 103 7 52 89 96 -1
77 5 42 96 89 52 49 90 53 38 55 101 27 21 86 51 -1
36 72 44 82 19 102 88 31 33 99 69 43 29 30 -1
40 10 52 100 67 92 64 11 106 57 7 103 62 8 35 34 3 19 33 14 -1
71 86 21 27 101 55 63 12 47 74 38 87 56 17 68 -1

36 64 92 18 34 83 94 2 45 53 62 8 35 15 54 6 86 -1
43 72 79 73 89 52 7 41 12 63 2 15 66 85 94 27 17 68 21 86 81 -1
108 72 92 18 34 83 105 94 101 55 63 8 49 35 15 66 85 81 -1
100 18 15 2 63 8 49 52 89 73 79 108 4 36 72 44 82 19 102 71 -1
83 94 27 95 50 65 39 55 63 12 103 7 52 89 73 42 5 36 72 43 69 -1
11 64 92 18 15 83 105 27 59 95 17 39 55 63 12 41 104 7 103 -1
1 87 45 2 15 18 34 35 8 63 80 97 0 56 17 27 21 86 51 31 22 85 -1
91 35 15 54 85 94 2 63 12 60 41 7 52 100 18 9 3 6 86 28 13 -1
75 17 39 55 63 8 49 52 89 96 64 92 67 3 81 94 27 95 20 68 21 86 -1
19 85 94 27 17 65 50 68 95 78 39 55 45 53 8 35 15 54 6 86 46 -1
82 26 72 108 79 73 89 52 91 49 7 25 70 103 12 -1
32 27 94 85 19 82 26 30 43 72 108 5 42 57 40 7 49 35 15 54 6 86 -1
27 94 2 63 12 47 62 8 35 34 18 100 52 7 103 16 -1
32 27 94 85 19 82 26 29 43 72 92 18 34 35 8 12 -1
36 72 92 18 98 93 66 34 35 49 52 89 42 5 108 48 44 82 19 102 71 -1
0 87 55 101 94 85 19 33 76 69 43 72 79 11 106 89 64 92 9 23 -1
22 85 94 27 17 56 61 0 87 45 2 15 18 92 64 11 -1
90 49 52 89 109 64 36 107 108 79 73 106 57 7 70 103 12 63 2 34 93 -1
74 38 45 2 83 3 19 33 99 76 31 22 85 94 101 55 87 -1
11 64 92 18 66 6 86 51 102 19 82 44 48 108 5 42 57 40 7 49 35 93 -1
22 6 86 28 21 68 75 17 27 94 85 19 3 15 2 45 87 56 -1
82 19 85 94 101 55 87 80 58 38 63 2 15 54 6 3 93 100 52 89 -1
29 43 72 92 18 93 34 2 45 80 97 58 74 16 70 84 7 52 100 67 -1
56 17 27 94 81 86 21 68 95 78 39 55 63 12 16 103 62 8 35 83 -1
102 19 3 15 2 63 38 53 8 35 34 83 94 27 95 50 68 59 32 17 56 87 -1
37 7 52 100 93 3 18 92 64 96 42 5 36 72 44 82 19 85 54 15 2 -1
10 25 7 49 35 34 3 22 31 19 9 18 100 52 91 8 63 55 39 78 -1
74 12 8 49 52 89 64 92 44 82 99 33 19 3 93 100 91 62 103 70 -1
95 27 94 83 35 49 52 89 106 57 7 70 16 74 58 97 87 56 17 75 -1
103 62 8 35 15 54 6 86 46 21 27 101 55 63 53 90 49 -1
45 63 8 49 52 89 96 42 5 77 107 36 79 73 106 57 7 41 60 58 97 0 -1
88 31 22 85 94 101 55 39 65 50 13 32 17 56 87 45 2 15 18 92 72 108 -1
23 31 51 86 21 27 94 85 19 82 26 29 43 44 -1
10 52 49 35 83 105 27 95 17 39 55 63 12 103 7 40 -1
101 55 87 56 61 0 97 58 74 41 7 57 106 89 52 49 35 83 94 27 59 -1
30 44 92 18 100 52 89 106 57 7 49 35 34 3 15 2 63 12 103 70 25 40 -1
14 102 51 86 21 68 20 95 27 94 85 3 9 92 64 96 42 -1
70 7 52 89 64 79 48 92 18 34 83 94 101 -1
104 7 52 89 64 92 9 23 33 76 31 22 54 15 2 45 38 58 -1
56 87 45 2 15 18 92 48 79 11 89 52 49 8 63 80 0 1 -1
70 103 12 63 2 94 27 21 28 86 6 3 98 93 35 8 62 47 74 -1
91 35 15 54 22 31 88 102 33 99 82 19 3 83 2 63 12 60 -1
24 19 33 23 9 18 100 52 7 25 40 57 42 5 11 64 92 67 3 85 94 101 -1
17 27 94 85 19 23 31 102 51 86 21 68 95 78 39 55 63 12 103 7 40 -1
26 82 19 85 94 27 17 56 87 45 2 15 54 3 18 92 72 36 107 77 -1
24 86 21 46 51 102 76 69 43 72 92 67 93 35 8 53 90 49 52 10 -1
45 55 39 17 20 68 21 86 51 102 76 33 19 9 18 98 67 100 52 7 84 -1
92 64 109 89 52 7 70 16 12 8 35 34 3 22 31 33 82 44 72 79 73 -1
81 3 18 92 48 44 82 19 24 85 94 27 17 78 39 55 45 2 83 105 -1
75 17 39 55 63 8 90 35 2 94 27 21 28 59 95 78 0 97 58 47 103 -1
14 33 19 9 18 100 52 10 40 57 42 5 108 72 43 29 -1
47 103 7 57 42 5 11 64 92 18 34 83 94 27 59 -1
74 38 55 101 27 21 86 71 102 19 3 34 35 8 62 47 58 97 0 78 95 68 -1
51 86 21 27 101 55 38 63 2 15 18 92 44 30 43 72 79 64 89 52 7 41 -1
14 33 19 85 81 3 18 92 64 73 106 89 52 91 62 103 7 57 42 11 -1
75 17 39 55 63 8 49 52 89 11 64 92 18 15 2 45 38 12 103 7 57 106 -1

92 18 3 6 86 21 27 94 83 15 2 63 80 97 58 74 16 70 84 -1
36 64 92 18 15 83 94 2 63 12 62 8 35 34 3 6 86 -1
66 9 92 72 43 44 48 108 5 42 57 7 41 60 12 8 35 34 3 -1
91 35 15 54 85 6 86 81 3 18 92 64 11 89 52 49 8 63 55 101 27 59 -1
108 72 92 9 3 81 105 27 101 94 85 19 82 26 -1
36 64 92 18 98 3 66 34 83 105 27 17 39 55 101 94 81 -1
75 17 39 55 63 8 49 52 89 96 64 92 18 15 2 45 -1
91 49 7 25 70 41 12 63 55 101 27 59 95 17 56 87 45 2 94 85 19 82 -1
74 58 80 63 2 15 3 19 33 99 76 102 24 85 94 101 55 87 -1
22 6 86 28 59 27 94 2 35 49 7 57 42 5 108 72 43 30 -1
83 94 27 17 50 95 20 68 21 86 6 3 67 92 64 96 42 5 77 -1
71 102 19 82 44 92 18 66 6 94 27 95 68 17 39 55 63 53 -1
106 11 79 72 26 82 99 76 33 19 3 15 2 45 55 101 94 6 -1
19 85 94 27 17 65 39 55 45 2 15 3 9 92 72 108 5 42 57 7 70 16 -1
32 21 86 24 19 82 26 29 30 44 92 67 93 35 8 63 -1
4 36 64 89 52 91 8 63 2 35 93 100 67 92 72 108 5 42 57 7 84 -1
22 6 94 27 17 65 61 0 80 63 8 49 52 89 11 -1
0 87 55 101 94 85 24 102 88 71 86 6 3 18 15 2 45 80 97 1 -1
53 63 55 39 17 68 21 46 86 6 3 93 100 91 62 103 7 52 89 73 42 -1
27 101 55 63 12 47 62 8 35 34 2 45 80 58 74 16 -1
90 49 52 89 109 64 36 107 5 42 57 7 70 16 12 63 55 101 27 21 28 -1
69 43 72 108 5 42 96 64 92 9 19 102 71 31 33 82 44 48 36 4 77 107 -1
56 17 27 94 81 105 83 2 63 55 39 78 0 97 58 74 16 -1
104 41 12 8 35 93 18 92 44 26 29 43 72 108 5 42 57 40 -1
75 17 27 21 28 86 6 3 98 18 34 35 8 12 74 47 62 91 52 89 -1
37 7 52 100 93 3 18 92 64 11 106 57 40 -1
102 19 3 15 2 45 38 63 8 35 34 83 94 27 95 50 -1
30 43 72 108 5 42 57 40 7 52 100 93 3 6 86 24 19 82 44 48 -1
75 17 27 94 85 19 3 15 2 45 87 1 0 80 63 8 35 93 18 92 48 -1
106 11 79 72 26 82 23 19 24 86 21 27 94 85 22 31 51 -1
73 89 52 7 25 10 70 41 12 63 55 39 17 95 -1
68 17 65 56 87 45 2 15 18 92 48 44 82 19 85 94 101 55 39 0 61 -1
51 86 21 27 101 55 87 97 58 74 16 70 7 57 106 -1
95 27 94 83 35 49 52 89 106 57 7 103 62 91 100 18 92 64 11 -1
102 24 54 15 35 49 91 100 93 3 6 86 46 21 27 95 50 13 -1
52 100 18 9 19 31 22 3 34 35 8 12 16 74 58 97 0 65 50 13 -1
103 12 63 55 39 17 50 95 59 27 94 83 35 49 7 84 70 10 52 100 67 98 -1
99 33 19 3 34 35 8 12 63 55 39 17 32 21 86 6 54 15 2 -1
104 40 57 42 5 108 72 44 82 99 76 102 24 86 21 68 20 -1
103 70 104 7 52 89 64 92 44 82 99 33 102 88 71 86 6 54 15 35 91 -1
14 102 24 86 21 68 20 17 39 55 45 2 15 66 18 92 44 26 -1
70 10 52 89 64 36 48 92 18 3 81 6 24 102 14 -1
30 44 92 18 100 52 89 73 64 11 106 57 7 103 12 63 80 -1
108 72 92 18 15 2 45 87 56 65 50 13 21 86 51 102 24 85 94 101 55 38 -1
92 9 3 22 85 94 2 63 38 12 62 91 52 89 106 73 79 108 -1
26 82 19 85 94 27 17 56 87 45 2 15 54 3 18 92 48 107 77 -1
17 27 94 85 19 23 31 102 51 86 21 68 95 78 39 55 63 8 12 38 87 56 -1
92 64 109 89 52 100 18 9 19 33 76 102 24 85 3 98 -1
9 3 85 94 27 95 20 17 39 55 63 8 91 52 49 90 53 38 87 56 65 78 -1
31 19 9 18 100 52 7 25 70 103 12 63 2 15 54 24 102 33 -1
75 17 56 87 97 80 45 2 35 93 3 19 102 51 46 86 24 31 33 82 -1
44 92 67 100 91 49 35 83 94 27 95 68 21 86 24 19 82 26 29 -1
0 97 58 74 41 7 57 42 5 77 107 36 72 43 69 14 -1
103 47 58 80 55 101 27 21 28 59 95 78 39 87 38 53 90 49 7 40 -1
43 72 92 18 15 54 22 3 93 9 23 19 85 66 34 35 49 7 84 -1
14 69 43 72 108 5 42 57 40 10 52 100 67 93 35 8 53 63 2 83 -1

22 6 94 27 17 56 61 0 80 63 8 49 52 89 11 -1
32 21 86 24 19 82 26 29 30 44 92 67 93 35 8 63 -1
19 24 86 21 32 17 65 39 55 63 2 15 18 92 72 79 11 96 -1
106 11 79 72 43 69 76 102 24 86 21 32 17 39 55 80 0 97 58 60 41 -1
66 9 92 72 43 44 48 79 11 106 57 10 52 49 8 63 2 94 6 -1
91 49 7 25 70 16 12 63 55 101 27 59 21 86 6 66 18 92 72 79 11 64 -1
17 27 94 81 6 54 15 2 63 80 0 56 65 50 32 21 86 24 19 -1
90 49 52 89 109 64 36 107 5 42 57 7 70 16 12 63 2 15 18 92 48 -1
36 64 92 18 98 93 66 6 94 27 17 32 21 86 24 19 23 -1
95 20 32 21 86 24 19 82 44 92 67 100 52 89 96 -1
4 36 64 89 52 91 8 63 2 35 93 100 67 3 81 94 101 55 38 74 -1
1 87 55 63 2 15 18 66 6 94 27 17 65 0 97 58 60 41 70 84 -1
71 102 19 82 44 92 18 15 2 63 55 87 0 65 17 27 94 6 24 31 33 99 -1
108 72 26 82 19 22 6 94 27 17 56 0 80 63 2 15 18 92 48 -1
27 101 55 63 12 47 62 8 35 34 2 45 38 87 39 17 32 21 86 24 102 -1
91 35 15 54 85 6 86 81 3 93 100 52 10 37 57 42 89 64 92 44 82 99 -1
74 38 63 2 15 3 19 33 99 82 44 92 18 93 35 8 12 -1
83 94 27 17 50 65 0 80 63 12 103 62 91 100 93 3 81 86 46 -1
101 94 105 83 15 18 92 72 108 36 64 89 52 91 35 93 3 6 86 71 88 -1
53 62 91 100 93 3 81 86 46 21 27 101 55 63 8 49 35 34 66 22 24 102 -1
22 6 86 28 13 50 75 17 39 55 63 2 15 18 100 52 89 96 -1
101 94 85 19 82 23 9 66 6 86 21 68 17 39 55 63 53 8 35 93 67 92 -1
19 9 92 64 96 42 5 36 72 43 69 76 102 24 85 3 67 100 52 7 84 -1
29 30 44 92 67 93 35 8 12 103 70 104 7 52 100 18 9 19 102 76 -1
86 6 3 93 100 52 10 40 7 103 12 8 35 15 18 92 44 30 -1
7 103 12 63 55 101 27 21 28 13 50 65 0 97 58 60 16 70 -1
75 17 27 94 85 19 3 15 2 63 38 87 1 -1
34 35 8 12 16 60 58 80 63 2 83 105 27 17 78 39 55 101 94 81 -1
80 63 12 103 70 84 7 41 60 58 97 87 39 55 45 53 8 91 100 18 92 48 -1
106 11 64 92 9 23 19 102 33 82 44 72 108 5 42 89 52 100 93 3 81 -1
73 42 96 64 92 9 19 102 71 31 33 82 44 72 36 4 -1
95 50 17 27 94 83 34 35 91 52 100 18 9 19 31 -1
40 57 106 11 79 48 44 82 19 24 86 6 3 93 100 52 7 84 -1
10 25 7 57 42 73 89 52 91 62 103 12 8 35 93 67 92 64 96 -1
68 17 65 50 32 21 86 71 88 102 24 6 94 101 55 63 8 91 52 10 -1
45 63 8 91 52 89 96 42 5 77 107 48 79 11 106 57 7 41 -1
95 27 94 83 35 91 52 89 106 11 64 92 18 9 23 82 44 72 79 73 -1
74 58 80 45 2 15 18 92 44 26 29 43 72 79 11 106 57 40 -1
101 55 87 0 61 56 17 27 94 2 35 49 52 10 57 -1
10 52 91 35 83 94 27 95 32 21 86 6 3 18 92 64 11 106 57 40 -1
51 86 21 27 101 55 87 97 0 65 17 75 50 13 28 59 95 78 39 56 1 61 -1
8 35 15 54 85 19 82 44 48 107 77 5 11 79 72 43 69 14 -1
101 94 83 15 18 92 48 79 64 89 52 49 90 53 38 87 1 0 80 63 8 91 -1
108 72 92 18 15 2 45 87 55 101 94 85 19 23 9 3 34 83 105 27 32 13 -1
9 93 35 8 12 41 7 52 89 11 79 72 43 30 44 48 108 -1
45 2 94 6 3 9 92 72 36 4 108 79 64 89 52 100 93 34 -1
14 33 19 24 86 21 32 20 95 27 94 85 3 9 93 35 8 12 16 -1
51 102 24 85 94 27 17 56 87 45 63 12 103 70 10 52 100 18 9 19 33 99 -1
45 2 83 3 19 33 76 102 24 86 21 32 20 95 27 101 55 63 8 91 52 10 -1
31 19 3 34 35 8 12 16 103 62 91 52 89 106 11 64 92 18 66 85 -1
101 55 63 8 91 52 89 11 5 42 57 7 41 47 -1
31 19 9 18 100 52 7 25 10 57 106 73 79 72 44 82 33 -1
60 12 8 35 34 3 15 2 45 87 0 61 65 17 27 94 85 19 82 44 48 107 -1
98 18 66 6 86 28 21 27 101 55 63 53 90 8 12 38 87 56 17 75 -1
66 18 92 64 96 42 89 52 91 8 63 55 39 65 50 95 27 94 85 19 82 44 -1
81 3 9 92 48 44 82 33 102 88 31 76 99 -1

66 85 94 27 17 68 21 86 81 105 83 2 45 87 39 78 0 97 58 47 16 -1
22 6 86 28 13 50 75 17 27 94 83 3 67 92 64 96 89 52 49 35 2 45 -1
43 72 108 5 42 57 7 41 47 58 97 87 45 2 94 85 66 93 98 -1
92 67 3 6 86 21 27 94 83 15 54 34 35 91 52 10 25 70 41 12 -1
95 20 17 27 94 83 3 67 92 64 89 52 49 8 35 15 54 85 81 86 51 -1
90 49 52 89 109 64 36 107 48 92 67 3 34 35 8 12 41 70 103 62 53 63 -1
108 72 92 18 66 85 94 105 27 101 55 63 8 49 35 34 54 6 86 51 102 -1
0 87 55 101 94 6 86 51 102 76 69 43 72 79 11 106 89 64 92 9 23 -1
36 64 92 18 34 83 94 2 35 8 62 53 63 55 101 27 21 86 -1
32 21 86 24 19 82 26 29 43 72 92 67 93 34 2 63 -1
74 38 45 2 83 3 19 33 99 76 102 51 86 21 27 101 55 87 -1
100 93 34 2 63 8 49 52 89 64 36 4 108 72 26 82 19 102 71 -1
32 21 86 24 19 82 26 30 44 48 108 5 42 57 40 7 52 100 93 -1
22 6 94 27 17 56 61 0 87 55 101 -1
1 87 55 63 2 34 18 93 35 8 62 47 58 97 80 38 74 41 7 84 -1
11 79 72 43 69 76 102 51 86 21 59 27 94 83 35 8 12 41 104 70 103 -1
19 24 86 21 27 17 65 50 68 95 78 39 55 45 53 -1
36 72 92 67 98 3 6 86 28 21 27 94 83 35 49 7 57 42 73 -1
53 63 55 101 27 21 46 86 81 3 34 35 8 62 103 7 52 89 73 -1
91 52 89 64 36 108 72 92 18 3 81 94 27 17 56 65 50 68 21 86 24 19 -1
29 43 72 92 67 93 35 8 12 63 2 83 3 19 33 99 -1
82 19 85 94 101 55 87 56 17 50 13 28 86 6 3 9 93 35 8 12 41 60 -1
37 7 49 35 34 3 9 92 64 89 106 -1
75 17 27 94 85 19 9 92 64 11 89 52 49 8 63 55 87 0 61 -1
34 35 8 12 16 47 58 97 87 45 2 94 85 24 31 19 9 18 100 52 -1
69 43 72 36 5 42 73 64 92 44 82 19 102 71 86 21 27 101 55 38 74 -1
10 52 91 35 83 94 27 95 68 21 86 6 3 9 92 64 89 106 -1
103 12 63 55 39 65 50 95 27 94 83 34 2 45 87 0 97 58 47 41 -1
73 89 52 7 25 70 16 12 8 35 34 54 24 31 22 6 86 28 13 -1
74 12 62 91 52 89 73 79 72 43 69 99 33 19 3 34 35 49 7 70 -1
88 51 86 21 27 101 55 39 17 95 59 68 50 65 56 87 38 12 103 70 -1
97 80 45 2 15 3 19 82 26 43 69 99 33 31 22 85 94 101 55 63 -1
23 19 24 86 21 27 101 55 80 45 2 15 18 92 72 43 29 26 44 -1
51 86 21 27 101 55 87 97 80 63 8 49 52 89 106 11 64 92 18 -1
46 86 6 54 34 35 49 91 100 18 92 44 82 19 85 94 2 63 12 103 7 40 -1
14 33 19 85 94 27 95 20 17 39 55 45 63 8 49 52 89 11 64 92 67 100 -1
91 35 15 54 6 86 51 88 102 19 9 18 92 44 30 -1
56 87 38 63 8 35 93 67 92 48 44 82 19 85 94 101 -1
24 19 33 31 22 3 93 100 52 7 25 40 57 42 5 -1
58 80 55 101 94 6 81 105 27 17 39 87 38 12 103 70 84 7 52 100 67 -1
58 38 45 2 83 3 19 33 76 102 51 86 21 59 95 20 -1
26 82 19 85 94 27 17 56 87 38 63 2 15 54 6 86 21 32 -1
9 3 85 94 27 95 20 17 39 55 63 8 49 52 10 70 103 62 53 90 91 -1
75 17 39 87 97 80 45 2 15 18 92 72 43 29 26 44 48 108 5 42 57 40 -1
95 27 94 83 35 49 52 89 96 42 5 77 107 48 92 18 15 2 63 12 41 -1
1 87 45 2 15 18 92 48 44 82 19 85 81 6 24 31 14 -1
17 27 94 85 19 23 9 93 3 6 86 21 32 50 75 -1
62 12 16 70 7 52 89 73 79 72 36 5 42 57 40 104 84 25 10 37 -1
75 17 39 55 63 8 90 35 83 94 27 21 28 59 95 78 0 97 58 -1
14 33 19 3 93 100 52 10 40 7 103 12 63 55 39 78 -1
9 92 64 96 42 89 52 49 35 83 94 27 95 50 17 39 55 45 2 15 -1
88 102 33 99 82 19 3 34 35 8 12 60 41 7 52 100 18 9 23 31 14 -1
57 10 52 49 35 83 94 27 59 95 17 39 55 63 12 103 70 84 -1
74 12 62 91 52 89 106 11 64 92 18 3 85 94 27 59 -1
103 7 52 89 96 64 79 72 92 18 34 83 94 27 95 50 65 61 -1
71 86 21 27 101 55 63 12 47 16 70 25 7 52 100 18 9 19 102 88 -1

82 26 72 108 48 92 18 34 83 105 27 101 55 63 8 49 35 15 3 19 102 -1
76 102 19 3 83 105 27 101 55 87 0 80 63 8 35 15 54 85 6 86 -1
43 72 36 5 42 57 7 49 35 15 54 6 -1
11 64 92 9 19 24 86 21 59 27 101 55 63 12 41 104 -1
17 27 105 81 94 101 55 39 56 87 80 63 8 35 34 3 19 -1
22 6 94 27 17 56 61 65 50 13 21 86 24 19 9 92 64 11 -1
106 89 52 91 35 15 3 19 102 76 31 22 85 94 101 55 45 -1
1 87 55 63 8 35 34 18 15 83 105 27 17 65 0 97 -1
100 18 34 35 8 63 55 101 94 85 3 9 92 72 108 4 -1
32 21 46 51 102 14 69 30 44 92 67 100 52 7 40 -1
91 35 15 54 3 83 2 94 85 19 102 51 86 21 27 101 55 38 -1
83 94 27 17 50 95 20 32 21 46 51 102 14 69 30 44 92 67 100 52 89 96 -1
27 101 55 63 12 47 62 8 35 34 18 100 52 7 41 16 -1
75 20 32 21 46 51 102 14 69 30 44 92 67 100 52 89 96 -1
32 21 46 51 102 14 69 30 29 26 44 92 67 93 35 8 63 12 16 70 -1
74 38 45 2 83 3 19 33 99 76 102 24 85 94 101 55 87 -1
36 72 92 18 98 93 66 6 94 27 17 32 21 86 24 19 23 -1
43 72 36 5 42 57 7 41 12 8 35 34 66 6 86 21 68 17 39 55 63 53 -1
22 6 86 28 21 32 20 75 17 27 94 85 19 9 92 64 11 42 -1
91 100 18 92 72 108 48 44 82 19 85 81 105 27 17 78 39 55 63 12 16 -1
91 52 10 25 7 57 42 73 64 92 18 34 35 90 62 103 -1
71 102 19 82 44 92 18 15 2 45 87 80 58 38 55 101 94 6 -1
53 63 55 39 17 27 21 46 51 102 14 69 30 44 92 18 93 35 8 62 103 -1
90 35 34 18 92 64 109 11 5 107 -1
106 89 52 91 35 15 3 19 23 31 102 24 85 94 27 17 78 39 55 45 2 83 -1
7 103 12 63 55 101 27 21 28 86 51 102 19 9 93 35 8 62 47 16 70 25 -1
94 83 35 8 62 91 100 18 92 64 11 89 52 7 41 12 63 45 -1
37 10 52 100 18 3 83 2 45 38 74 60 41 12 63 80 0 65 17 27 21 28 -1
4 108 72 44 82 19 102 71 86 6 66 18 92 64 73 42 -1
86 6 3 93 100 52 7 40 10 70 16 12 8 35 34 18 92 48 -1
34 2 63 38 55 101 94 85 22 6 81 105 27 17 56 87 80 -1
80 45 2 15 18 100 52 10 37 84 7 49 8 63 55 87 97 -1
69 43 72 36 5 42 89 52 91 35 2 15 18 92 64 79 48 -1
68 17 65 39 55 45 2 15 18 92 72 79 64 89 52 7 84 -1
99 33 19 3 34 35 8 12 63 2 94 85 24 31 23 9 92 64 89 52 7 25 -1
81 3 34 35 49 8 63 55 101 27 21 46 86 6 66 18 92 64 96 42 -1
88 51 86 21 27 101 55 39 65 50 13 68 17 56 87 45 2 15 18 92 72 108 -1
101 55 87 56 61 65 17 27 94 6 66 18 92 64 73 42 57 -1
51 86 21 27 101 55 87 97 80 63 8 91 52 89 106 11 64 92 18 9 23 31 -1
95 27 94 83 35 91 52 89 106 11 64 92 18 15 2 45 38 74 -1
45 63 8 49 52 89 96 42 5 77 107 36 72 92 18 100 91 62 12 41 -1
103 12 63 55 39 17 50 95 27 94 83 34 3 6 86 21 13 -1
10 52 91 35 83 94 27 95 17 39 55 63 12 103 7 40 -1
83 2 63 12 16 103 62 8 35 34 3 19 31 23 9 92 64 73 -1
104 41 12 63 2 15 54 24 102 76 33 19 85 94 101 55 80 58 -1
84 7 52 100 67 93 35 8 53 62 103 70 10 -1
89 64 92 18 3 6 94 2 63 12 60 74 38 55 101 27 105 81 85 -1
56 87 45 2 15 18 92 48 44 82 19 85 81 105 27 17 78 0 1 -1
91 35 15 54 24 102 88 31 33 99 69 30 44 92 64 89 52 10 70 -1
103 70 104 7 52 89 106 57 37 25 40 -1
26 82 19 85 94 27 17 56 87 38 12 103 70 10 57 42 5 107 -1
98 3 6 86 28 21 27 101 55 80 58 47 103 7 52 89 96 64 79 -1
44 92 64 73 106 57 7 103 12 63 55 101 27 59 68 17 56 87 -1
44 92 18 100 91 49 7 70 10 52 89 64 79 72 43 69 76 31 22 -1
45 55 39 17 20 32 21 86 51 102 76 33 19 3 98 18 15 2 63 38 74 -1
75 17 65 0 97 80 45 2 35 93 3 22 85 94 27 95 -1

1 87 45 2 15 18 93 35 8 63 80 97 58 60 41 7 84 25 10 52 100 67 -1
27 101 55 63 12 47 62 8 35 34 2 45 38 87 56 17 32 21 86 51 102 -1
101 27 105 83 34 18 92 72 108 48 44 26 82 19 102 71 -1
22 6 94 27 17 56 61 0 80 63 8 49 52 89 11 64 92 9 19 102 51 86 -1
83 105 27 17 50 65 0 80 58 47 103 7 57 42 73 89 52 10 25 -1
43 72 79 73 42 57 10 52 89 64 92 9 19 22 6 94 2 63 80 58 -1
75 17 27 94 83 3 67 92 64 96 89 52 7 41 12 63 45 -1
91 35 15 54 85 6 86 21 27 101 55 63 8 49 52 10 40 -1
17 27 94 81 86 28 59 95 78 0 97 58 47 16 12 8 35 34 18 100 52 -1
106 11 79 72 43 69 76 102 51 86 21 27 101 55 80 0 97 58 60 41 -1
11 89 52 49 8 63 55 101 27 59 95 17 56 87 -1
32 21 86 51 102 14 69 30 26 82 19 85 54 15 35 49 52 10 40 -1
66 6 94 27 17 32 21 86 81 3 9 23 31 76 69 43 72 79 11 106 -1
92 9 3 6 86 21 27 94 85 19 82 26 29 -1
22 6 86 28 59 27 17 75 50 65 0 80 63 2 83 3 19 9 18 100 -1
91 52 10 25 7 41 12 16 70 104 -1
36 64 92 18 34 2 94 83 35 8 62 12 16 -1
32 27 94 85 19 82 26 29 30 44 92 9 93 100 52 10 40 -1
53 63 2 94 6 86 46 21 27 17 65 0 80 58 47 103 7 104 -1
91 35 34 18 92 48 108 72 26 82 19 3 81 94 27 17 56 -1
95 20 17 27 94 83 3 67 93 35 8 53 63 80 0 65 50 68 21 86 6 66 -1
4 36 64 92 18 34 2 63 12 41 70 10 52 91 35 83 3 19 82 44 48 -1
36 64 92 18 98 3 66 93 35 8 12 41 60 58 80 63 2 94 85 19 9 -1
74 38 45 2 83 3 19 33 99 76 102 51 86 21 27 101 55 87 -1
90 49 52 89 109 64 36 107 48 92 18 34 2 63 12 41 70 -1
4 36 48 44 82 19 102 71 86 6 94 83 34 18 92 64 73 42 -1
7 52 100 18 3 6 86 28 59 27 94 2 63 12 16 70 -1
82 19 3 83 2 45 87 38 12 8 35 34 18 92 48 108 79 11 106 -1
105 27 101 55 63 2 83 3 19 102 88 71 86 6 54 34 35 91 -1
37 10 52 100 93 3 9 92 64 89 42 73 79 72 43 69 -1
29 30 44 92 9 93 35 8 12 63 2 83 3 19 82 99 -1
72 92 9 3 83 94 27 17 65 56 87 45 2 15 54 85 66 93 100 52 89 -1
10 52 49 35 83 94 27 95 68 21 86 6 66 18 92 72 79 11 106 -1
81 94 27 17 39 55 63 8 35 83 3 19 33 102 24 86 21 -1
52 100 18 66 22 31 23 9 93 35 8 12 41 104 25 -1
81 94 83 35 49 8 63 55 101 27 21 46 86 6 3 93 100 52 89 42 -1
7 52 100 18 92 44 30 26 82 19 3 15 2 63 12 41 -1
74 38 80 63 2 94 85 19 82 26 29 30 44 92 67 3 6 86 21 68 -1
74 41 7 52 89 64 92 44 82 99 33 19 3 83 2 63 12 16 70 -1
101 27 17 56 61 0 80 63 8 49 7 57 42 73 64 92 44 -1
40 10 52 100 18 92 48 44 82 19 3 83 2 45 87 1 97 80 63 8 91 -1
9 3 81 86 28 13 32 17 56 87 45 2 94 85 19 23 33 102 -1
104 7 52 100 18 9 23 31 76 102 51 86 21 68 20 -1
14 102 51 86 21 68 20 17 56 87 45 2 94 6 3 83 35 8 63 55 39 -1
88 102 19 3 18 15 2 45 55 63 53 12 103 7 10 -1
83 94 27 17 78 0 80 63 8 91 52 10 40 7 49 35 93 67 92 64 11 -1
95 27 94 83 3 67 92 64 96 11 5 77 -1
75 17 65 0 97 80 63 2 83 3 19 82 26 29 -1
34 83 105 27 17 50 65 0 80 63 2 15 18 92 72 43 -1
101 94 83 3 67 92 64 11 5 42 57 7 103 47 12 63 2 34 54 6 86 71 -1
31 19 3 34 35 8 12 16 41 7 52 100 18 92 72 79 11 42 57 37 84 -1
84 7 41 12 63 55 39 87 45 2 35 91 8 53 90 49 52 100 67 92 -1
98 3 81 86 28 59 27 94 2 35 90 53 63 55 39 17 75 -1
33 23 9 18 100 52 7 25 10 57 42 5 11 64 92 67 3 85 -1
77 5 42 57 7 41 60 58 97 0 65 17 27 21 86 71 88 102 33 99 -1
66 9 92 64 11 42 89 52 49 35 83 94 27 95 78 0 80 63 12 103 7 40 -1

83 94 101 55 39 56 65 17 68 32 50 20 95 78 0 87 80 38 58 47 -1
50 13 68 21 46 86 51 71 88 102 24 85 -1
101 55 80 58 97 1 56 65 78 0 87 45 2 15 54 66 9 3 6 81 -1
51 102 76 99 33 23 19 82 44 72 48 36 64 109 89 96 11 79 108 -1
20 32 27 105 94 6 22 85 24 54 66 34 35 93 67 100 52 -1
86 81 85 6 94 105 27 95 59 28 21 13 68 20 50 17 -1
96 64 73 42 106 11 5 77 107 108 79 -1
71 88 31 19 9 66 15 3 85 22 54 6 86 21 68 13 32 20 50 75 17 -1
58 74 47 12 16 70 7 10 37 57 106 73 96 11 5 108 4 107 36 79 48 -1
74 60 41 12 16 70 104 84 25 37 40 10 57 7 52 91 49 90 53 63 45 -1
63 53 62 103 70 84 104 40 57 106 73 79 -1
94 83 3 67 18 98 93 34 2 15 54 22 31 33 102 14 76 99 69 30 -1
16 60 41 103 47 12 38 63 55 39 78 65 56 1 87 0 80 45 2 -1
30 43 29 26 72 92 64 73 106 42 96 89 109 11 5 36 4 108 107 -1
14 69 76 99 82 23 33 19 22 6 -1
1 97 58 38 55 101 94 85 54 3 81 86 51 102 88 71 31 33 76 14 -1
34 83 35 49 8 62 103 16 47 74 -1
78 17 68 75 20 95 50 65 61 0 39 56 1 87 -1
9 93 100 67 98 18 66 15 34 54 24 19 22 3 6 86 28 21 32 -1
34 93 67 18 92 64 79 36 108 72 43 26 44 48 -1
24 22 19 82 44 92 18 100 52 49 7 84 -1
16 12 74 58 38 55 101 94 6 66 85 3 9 23 31 71 -1
84 7 10 40 104 41 60 12 62 90 49 52 91 8 63 45 2 35 83 94 -1
78 95 17 27 105 81 85 19 82 26 30 69 43 72 79 11 -1
93 67 100 52 10 25 70 7 84 104 41 16 60 47 -1
44 43 30 26 72 48 92 18 98 3 67 100 93 35 90 62 12 60 -1
71 102 51 86 28 46 21 59 95 50 13 32 17 68 20 75 -1
108 4 36 48 72 79 73 42 57 40 104 41 16 103 7 25 37 84 70 10 52 -1
103 70 25 84 104 10 57 40 37 7 49 91 90 62 47 -1
45 87 38 80 63 53 62 91 90 8 35 34 -1
50 75 68 59 27 95 32 20 17 39 65 0 80 63 53 38 12 47 60 16 103 -1
1 61 0 78 39 56 17 68 59 32 27 95 20 75 50 13 28 46 -1
25 70 104 41 47 60 74 58 97 87 56 17 65 -1
100 93 34 83 105 27 59 68 75 50 17 78 95 20 32 21 46 -1
62 53 12 60 74 38 63 80 0 61 1 97 87 55 45 2 35 83 15 3 -1
40 104 37 57 106 89 42 11 79 73 109 64 36 5 108 48 -1
100 67 18 98 3 85 66 34 93 9 23 19 24 54 6 22 -1
60 12 8 35 49 90 91 52 89 11 64 92 44 30 29 43 69 14 -1
85 81 105 83 94 2 35 15 54 34 18 98 67 92 9 66 93 100 91 90 -1
19 23 82 26 43 29 30 44 48 36 72 79 -1
5 11 109 73 64 92 9 23 33 99 82 26 43 69 14 31 76 -1
14 102 33 23 31 51 71 86 28 21 59 32 17 75 20 95 27 -1
90 53 12 62 91 100 18 15 2 63 80 58 74 47 103 41 16 60 -1
108 4 77 5 107 48 72 43 26 29 30 69 14 31 24 86 51 46 28 59 -1
38 74 58 47 60 41 103 70 7 57 106 11 64 79 108 4 107 -1
26 82 99 14 102 88 51 71 31 23 33 19 24 6 3 54 15 66 9 -1
55 39 78 65 50 95 59 21 13 32 -1
70 25 10 37 57 7 84 104 41 74 58 97 87 56 0 1 61 65 78 17 -1
0 78 65 56 39 87 55 101 27 105 81 85 3 -1
16 74 60 58 97 80 55 63 38 53 45 87 0 65 61 1 56 17 75 -1
94 6 81 85 3 98 18 66 15 2 35 90 91 8 53 -1
100 18 15 54 34 93 9 66 22 31 88 102 14 -1
28 59 68 20 17 78 0 39 56 61 1 97 58 47 103 41 7 70 84 37 25 -1
109 73 11 106 57 42 96 89 52 10 25 37 84 7 40 104 41 -1
57 106 11 64 73 42 96 89 52 91 8 12 103 62 47 74 16 70 41 104 25 -1
72 79 48 44 92 9 23 31 24 54 22 66 85 19 82 26 -1

105 83 15 3 67 92 44 43 30 29 26 72 108 107 77 4 36 5 11 -1
40 37 84 25 7 52 10 70 104 41 103 12 63 8 53 45 55 -1
49 91 8 12 16 103 70 7 40 10 37 -1
22 3 66 18 67 98 93 35 8 90 62 12 -1
70 25 37 104 84 7 103 62 12 74 60 16 47 58 80 -1
79 48 92 18 98 3 81 86 71 51 88 102 76 69 43 30 26 -1
43 72 26 29 30 44 48 107 36 4 77 5 11 109 64 92 9 -1
44 92 18 67 3 85 19 22 31 88 71 86 51 102 24 54 6 -1
71 51 102 33 31 24 54 15 34 83 2 63 53 62 90 91 35 49 52 89 106 -1
7 40 57 10 37 25 70 84 104 41 -1
85 3 15 66 22 24 19 23 33 102 88 31 -1
40 25 7 52 100 93 66 9 18 34 15 35 -1
65 78 39 87 56 61 1 97 58 60 16 70 103 62 53 45 -1
76 33 82 19 85 54 66 15 35 8 63 12 60 16 103 -1
94 101 27 21 68 95 50 17 32 13 28 46 86 71 51 88 -1
49 90 62 12 60 16 41 103 70 10 37 104 7 84 25 40 57 42 96 89 -1
33 19 23 9 18 3 83 35 90 53 12 -1
71 86 6 66 54 85 22 31 23 9 3 -1
78 0 1 56 65 39 87 38 58 97 80 55 -1
24 22 3 15 66 18 98 93 100 67 92 9 19 102 33 76 14 99 -1
51 31 23 9 19 22 6 94 105 81 85 24 86 46 21 59 32 68 20 -1
43 69 14 99 33 19 3 83 2 94 81 6 22 54 24 85 66 18 -1
71 51 88 31 76 69 30 29 26 43 72 48 107 77 4 36 108 5 42 96 -1
101 27 95 50 65 0 87 45 55 38 -1
69 99 14 76 33 31 19 23 82 44 92 18 98 67 100 93 66 3 34 35 49 -1
16 103 7 40 57 42 106 89 73 96 64 79 11 109 -1
3 22 31 19 23 82 99 69 30 43 -1
6 94 2 15 35 49 91 62 53 63 80 55 45 38 -1
57 7 37 10 25 70 84 104 41 60 47 62 8 90 35 91 49 -1
23 31 51 46 21 86 71 88 102 19 33 82 44 72 48 107 77 5 11 64 -1
78 65 50 17 95 27 32 59 28 13 68 -1
10 57 37 84 25 40 104 70 103 12 8 63 55 87 39 17 75 50 32 -1
73 109 89 42 11 106 57 40 10 52 100 18 15 2 94 101 27 -1
85 22 66 9 93 98 67 18 3 81 105 83 2 15 35 -1
86 71 102 19 33 14 76 69 30 44 48 108 36 -1
82 99 14 69 30 26 29 43 44 48 107 4 108 79 -1
86 51 46 21 28 13 68 59 27 94 101 55 80 63 12 60 -1
1 97 80 38 74 60 16 12 41 7 25 10 104 -1
8 63 45 87 1 97 80 58 74 38 53 90 35 2 34 93 18 -1
43 72 79 64 109 89 73 11 106 57 10 70 103 62 47 16 74 -1
11 106 57 7 25 104 84 37 40 10 52 49 90 91 8 -1
37 104 10 70 103 12 53 8 91 52 7 41 74 60 16 47 62 90 49 -1
45 87 0 56 17 32 27 105 81 85 6 24 54 22 19 -1
18 98 67 93 34 54 3 6 81 85 94 2 63 -1
103 70 104 84 7 25 10 52 49 8 35 34 54 24 86 51 31 23 -1
87 97 80 38 74 60 58 47 103 70 84 37 57 42 96 73 109 89 64 79 108 -1
107 4 77 5 108 36 72 43 30 29 26 44 92 9 18 67 93 3 54 -1
108 4 77 5 107 48 44 43 29 26 30 69 14 -1
0 1 61 56 39 17 78 65 50 68 32 59 21 46 86 51 88 102 -1
23 19 31 88 71 102 14 76 33 82 99 -1
53 8 49 52 89 73 79 72 26 29 30 69 14 102 76 99 33 31 24 54 -1
92 48 44 72 43 26 82 99 76 69 30 29 -1
67 92 48 108 4 77 107 5 36 64 11 -1
3 66 34 2 15 54 85 24 86 51 31 88 102 -1
43 30 69 99 33 23 9 93 34 3 67 18 92 72 36 -1
105 27 17 78 0 39 56 1 97 58 80 63 55 87 -1

12 103 41 47 58 97 1 56 0 78 95 20 17 75 -1
102 14 69 76 99 82 44 26 72 79 36 107 5 11 64 109 89 42 73 -1
69 14 76 102 19 9 93 34 3 98 67 100 91 8 -1
30 44 43 72 79 73 42 11 109 64 89 106 57 37 -1
31 22 6 66 15 3 81 86 28 46 21 13 50 17 39 78 95 20 32 68 -1
26 29 43 69 30 44 82 23 33 99 14 31 88 71 51 46 -1
77 5 107 48 92 9 66 6 94 85 19 3 67 98 93 35 49 -1
63 53 8 12 60 74 16 70 84 37 7 57 42 -1
19 24 22 3 81 105 27 94 83 15 -1
9 3 54 24 31 102 33 23 19 82 99 76 14 69 43 26 72 44 92 48 -1
34 83 105 94 85 81 6 22 24 19 23 31 71 102 88 51 46 -1
62 53 8 63 2 83 15 18 92 48 36 4 77 5 108 107 -1
12 74 58 97 0 87 1 61 56 65 39 78 17 68 50 -1
18 9 66 34 15 83 2 63 55 38 80 45 87 56 39 17 65 -1
49 90 35 8 53 62 12 60 47 16 41 7 84 104 25 37 40 -1
9 23 31 88 71 51 46 28 59 32 95 -1
55 39 87 97 1 0 65 61 56 17 75 -1
43 30 44 82 33 19 22 66 54 24 85 6 86 46 51 71 -1
90 62 103 7 57 106 42 96 73 11 89 109 -1
30 26 29 43 72 108 5 107 77 4 -1
0 61 1 97 58 60 74 12 38 80 45 87 55 101 94 2 63 8 90 49 91 -1
85 94 83 34 15 35 8 49 7 52 91 62 47 -1
45 38 80 97 87 56 61 1 0 65 50 13 68 32 21 59 27 17 75 20 -1
6 54 66 9 23 31 76 69 43 30 26 82 33 14 102 24 86 28 59 27 -1
78 39 55 80 0 65 56 61 1 87 45 -1
12 62 53 8 63 80 58 97 0 61 1 56 17 65 39 78 -1
50 20 68 75 17 95 78 39 56 61 65 0 97 87 -1
21 13 32 17 20 50 95 27 101 55 39 78 65 0 1 56 87 45 53 38 -1
102 24 54 85 81 94 27 101 55 80 45 -1
73 79 64 89 52 91 100 67 98 18 9 19 82 26 -1
47 103 16 60 41 74 12 38 53 63 55 101 27 59 28 21 -1
23 9 93 100 91 90 35 49 8 62 103 7 -1
36 5 108 48 92 44 82 33 76 31 23 -1
60 41 103 16 74 47 12 8 62 91 100 52 10 40 57 106 73 96 -1
3 93 98 67 92 9 23 31 76 102 51 46 21 13 68 50 -1
30 43 26 82 33 102 14 99 76 69 -1
89 64 79 72 43 29 26 82 23 33 14 102 88 71 31 76 99 69 30 -1
1 97 87 0 61 65 39 17 50 95 68 32 20 75 -1
66 22 19 31 88 71 86 51 46 21 -1
90 35 91 62 8 12 63 80 38 45 87 1 56 17 27 21 68 50 20 95 -1
49 8 90 62 91 52 89 109 73 64 36 108 4 107 5 11 96 42 -1
70 104 40 7 25 84 37 57 42 89 109 64 73 11 79 36 -1
62 90 53 38 87 97 1 0 80 55 39 65 56 -1
40 25 7 52 89 106 57 37 10 70 41 -1
78 65 61 56 1 87 45 2 15 34 18 92 48 36 108 72 44 -1
47 16 74 12 60 41 104 10 57 106 42 11 89 52 100 91 -1
104 7 40 25 10 57 42 96 11 106 89 109 64 36 107 48 108 79 72 26 82 -1
49 91 100 52 10 7 37 104 84 25 40 57 -1
26 29 30 69 43 44 72 36 48 92 67 100 -1
3 9 23 82 33 31 71 86 46 21 28 59 27 94 6 -1
101 94 27 105 81 3 9 23 33 14 99 82 19 85 6 86 51 71 88 31 -1
59 32 21 27 105 81 6 24 54 34 2 45 87 80 63 8 91 100 67 3 -1
83 2 35 49 7 40 104 70 41 74 60 -1
104 25 10 40 37 57 106 11 73 64 109 89 96 42 5 -1
36 5 107 108 48 44 43 30 29 26 72 79 73 11 64 -1
57 37 40 104 84 25 7 41 70 10 52 91 8 63 -1

31 19 22 24 85 54 66 3 98 18 15 83 2 35 8 12 60 47 62 90 53 -1
60 58 80 55 39 17 68 13 32 20 50 65 61 56 1 87 -1
17 56 87 38 58 60 41 70 103 62 12 47 -1
89 109 73 96 42 5 108 4 77 107 36 64 -1
43 29 26 30 44 82 33 102 76 14 31 19 24 -1
54 66 15 3 98 18 9 93 67 92 64 96 73 79 108 4 36 72 43 -1
88 51 102 19 22 54 15 34 83 105 81 86 46 28 59 68 -1
97 58 74 38 45 55 101 94 27 17 75 68 20 32 50 65 0 -1
20 75 17 56 39 0 97 1 87 80 38 55 101 27 105 83 34 2 94 81 86 -1
1 61 0 97 80 63 45 55 87 39 65 56 17 20 75 50 13 28 86 24 102 -1
103 70 10 37 7 40 104 41 16 60 47 -1
38 87 97 0 61 56 39 65 50 17 75 68 59 28 13 32 20 -1
13 28 86 46 21 68 32 95 20 75 50 65 61 0 78 39 -1
68 95 59 28 21 86 6 3 81 94 2 34 66 85 24 102 76 31 22 54 -1
5 107 36 79 64 11 109 73 96 89 42 -1
60 47 12 63 53 8 49 35 2 83 105 94 27 95 59 32 68 -1
42 5 11 96 89 106 73 109 64 36 79 72 -1
46 21 68 95 78 65 17 20 32 59 28 86 6 81 94 -1
57 106 11 79 108 48 72 43 29 26 30 69 76 99 14 102 88 31 -1
8 91 100 93 98 67 92 72 108 48 79 73 11 64 109 89 52 -1
32 59 95 17 75 20 68 21 28 46 -1
73 42 11 106 57 10 52 100 18 67 98 93 3 66 54 22 -1
0 78 17 56 61 65 50 20 32 21 68 75 -1
75 50 95 59 27 17 78 65 61 0 80 97 87 45 53 -1
60 12 8 63 2 45 38 80 0 56 87 39 17 75 20 68 21 13 28 -1
91 8 53 12 16 103 70 104 40 25 37 57 42 89 52 49 -1
105 81 6 85 24 86 51 46 28 13 32 68 50 95 -1
77 5 11 89 64 36 72 108 79 73 96 42 57 40 37 -1
108 4 107 77 5 36 64 96 11 106 42 -1
17 32 95 59 28 13 21 27 94 83 105 81 6 54 34 66 9 19 22 3 85 -1
41 7 37 10 104 40 57 42 89 109 64 73 96 11 79 72 26 43 29 30 -1
74 41 103 12 53 38 55 101 94 6 66 54 22 31 71 -1
108 79 36 48 44 82 19 22 6 85 54 34 83 15 35 8 90 53 45 -1
87 56 1 0 97 80 63 12 47 62 53 90 35 34 -1
45 38 63 55 80 58 97 87 0 39 78 65 -1
106 73 89 109 64 96 11 42 5 36 107 108 72 92 67 100 -1
57 37 40 104 7 103 12 16 74 38 55 87 39 56 -1
94 6 81 105 83 34 2 35 91 100 52 10 104 25 40 7 57 106 89 64 -1
32 21 13 68 59 28 46 86 81 6 3 15 83 105 27 95 78 39 -1
30 44 82 33 102 19 85 24 86 81 105 94 101 27 95 50 -1
68 95 50 20 32 27 94 6 66 34 83 15 2 35 49 91 100 93 -1
99 82 19 102 76 69 43 30 26 72 36 107 5 -1
39 65 50 13 21 46 51 88 31 14 99 69 30 43 26 29 -1
4 108 72 26 44 48 107 5 42 96 11 79 36 64 -1
67 93 98 18 100 52 89 11 79 72 43 44 30 29 26 82 33 99 14 76 -1
60 47 62 12 38 80 58 74 16 41 7 70 10 25 84 104 40 57 -1
82 19 33 76 69 43 26 72 48 44 92 67 100 93 34 2 -1
29 30 44 48 108 79 11 109 89 96 64 73 42 -1
72 44 43 29 30 69 76 102 24 85 22 3 81 86 -1
61 56 65 39 17 32 20 95 50 13 28 21 68 59 27 -1
36 107 77 4 108 72 79 64 109 73 11 106 42 57 10 70 -1
107 5 42 89 96 64 109 73 11 106 57 7 41 103 12 38 58 -1
75 68 95 50 32 17 65 61 1 0 39 55 45 53 62 91 100 18 -1
66 85 3 93 34 2 35 8 49 52 89 73 79 48 72 -1
69 76 99 82 19 102 14 31 23 9 93 100 52 91 90 35 49 8 12 103 -1
15 83 34 66 18 98 3 93 9 19 23 82 26 29 43 -1

35 2 34 66 93 9 3 83 15 18 92 44 43 29 -1
71 86 46 28 59 27 95 68 21 32 50 13 -1
67 3 93 18 9 19 85 94 27 105 83 15 -1
69 43 30 29 26 44 92 18 67 100 91 8 62 12 74 47 -1
86 46 28 21 59 32 50 68 20 95 27 94 81 -1
0 87 38 80 58 60 74 47 103 62 53 90 35 49 91 100 93 34 18 15 -1
81 94 85 54 6 24 22 19 82 99 76 69 14 102 33 -1
7 104 37 40 25 10 70 103 62 90 91 49 8 12 47 41 74 -1
100 18 67 93 35 34 54 6 3 83 2 -1
69 76 14 99 33 31 88 51 71 102 24 22 6 3 81 94 83 34 54 66 18 -1
82 19 24 86 28 21 32 20 75 68 13 50 17 39 55 101 27 105 94 -1
56 87 38 80 58 74 41 12 47 103 16 70 7 57 37 25 10 -1
105 83 15 35 49 90 91 100 67 92 48 72 44 -1
62 91 100 93 35 8 12 63 38 53 45 2 94 85 24 -1
78 0 97 80 63 38 53 62 12 103 7 84 -1
32 68 75 20 95 59 28 86 71 88 31 14 99 69 30 29 43 26 72 108 -1
65 61 1 87 45 63 53 38 58 47 12 -1
50 32 13 28 46 21 59 95 20 68 75 17 56 87 45 55 -1
48 107 77 4 36 72 92 67 3 9 23 -1
108 107 77 4 36 48 92 9 66 34 18 3 22 6 85 -1
83 3 98 18 100 91 49 7 37 10 25 70 -1
67 92 44 43 26 82 23 31 76 69 14 99 -1
79 73 109 89 11 64 36 108 48 44 82 -1
87 97 0 39 17 56 61 65 50 68 75 20 32 27 105 81 3 83 34 -1
52 49 91 100 67 98 18 34 54 24 85 22 -1
19 31 22 54 3 98 67 93 66 85 94 81 105 27 32 21 68 13 50 -1
70 104 40 37 25 7 41 16 103 62 91 52 -1
48 36 5 11 96 89 106 57 40 7 37 104 41 74 -1
51 88 102 33 76 31 22 6 81 94 83 15 -1
75 17 50 20 32 68 13 28 59 21 46 51 71 88 31 33 -1
27 59 21 28 86 71 88 51 102 24 85 6 81 3 22 54 34 66 93 -1
9 66 93 100 91 35 2 63 38 74 60 -1
53 90 35 2 63 8 49 52 89 42 96 11 73 64 109 -1
72 92 44 43 29 26 30 69 76 33 102 88 31 71 86 24 85 19 -1
72 44 82 99 76 102 33 14 31 24 86 21 13 50 68 59 -1
25 104 40 10 52 89 73 96 42 11 109 64 79 48 92 -1
23 31 14 102 88 51 46 28 13 32 50 95 78 0 97 80 38 55 45 53 90 -1
85 19 102 14 69 76 33 99 82 26 30 43 29 -1
36 48 107 108 72 26 44 82 23 31 33 19 9 92 67 3 22 85 24 6 -1
42 96 73 106 57 40 104 7 37 10 70 84 25 -1
87 1 61 65 39 0 78 95 27 105 83 -1
106 57 40 10 52 49 7 37 104 70 16 103 47 58 -1
39 87 1 0 61 56 65 17 75 68 21 -1
88 51 31 23 19 82 26 44 43 30 69 76 33 99 14 102 71 86 24 22 -1
84 37 7 70 104 25 10 52 91 100 93 98 3 9 23 33 14 69 -1
43 26 30 69 76 102 88 51 86 21 46 28 59 27 101 -1
48 36 108 79 72 92 44 43 69 76 14 -1
53 38 63 2 35 8 91 100 93 98 18 67 -1
29 30 69 43 26 44 72 48 36 4 -1
9 66 54 85 6 94 83 105 27 17 95 68 13 50 -1
104 41 103 70 25 7 49 52 89 106 57 40 10 37 84 -1
71 86 81 94 85 54 6 22 66 15 18 -1
50 17 39 65 78 0 61 56 1 97 58 74 47 62 53 90 49 8 12 41 -1
70 7 40 57 37 84 104 41 103 16 12 38 63 55 39 -1
8 90 49 7 104 10 57 106 42 89 64 96 73 109 11 79 108 72 -1
21 28 13 68 32 27 105 83 2 63 -1

79 108 36 5 107 48 72 92 18 98 67 93 35 8 53 -1
97 1 61 0 65 17 39 56 87 80 45 2 -1
11 106 89 109 64 73 96 42 57 37 7 49 -1
55 38 58 47 12 41 16 103 62 90 91 100 18 66 54 15 34 83 -1
106 57 7 84 104 70 25 37 40 10 52 100 18 98 3 15 2 63 45 -1
105 27 101 55 39 56 65 61 1 87 97 58 80 63 2 83 94 -1
97 58 38 12 47 41 104 40 25 7 37 10 70 16 60 74 -1
91 35 2 94 27 95 68 32 20 75 50 13 28 21 46 51 71 86 24 -1
88 31 22 19 9 23 33 82 44 26 72 36 5 108 4 77 107 48 79 73 89 -1
45 2 83 15 18 9 66 54 34 93 98 3 6 94 85 22 24 102 51 46 -1
94 6 3 22 54 66 15 34 18 100 67 -1
21 59 32 95 27 17 75 20 68 50 -1
87 1 61 0 39 55 45 2 15 35 8 -1
81 105 83 34 3 54 6 85 22 66 93 9 -1
92 67 93 98 18 34 35 90 49 52 100 -1
79 11 96 42 5 108 36 4 77 107 48 44 -1
17 39 78 95 32 59 28 13 21 68 75 50 20 -1
101 55 63 53 38 74 41 60 47 16 103 62 91 90 49 52 89 96 11 -1
35 83 3 6 86 46 28 21 27 101 -1
29 26 72 44 48 79 73 42 106 89 11 96 64 109 -1
6 54 85 81 105 27 32 13 21 28 59 95 78 39 55 38 53 62 91 52 10 -1
55 45 2 34 35 90 8 12 103 47 -1
76 33 23 9 92 48 44 82 99 69 30 29 26 -1
19 102 33 23 9 66 22 24 54 34 83 2 63 80 0 61 -1
18 98 93 3 54 15 34 35 91 49 7 41 74 58 38 -1
71 51 88 102 76 31 19 33 14 69 43 26 44 -1
42 89 96 64 92 18 93 100 67 98 3 81 105 94 83 2 35 -1
5 42 73 79 64 92 9 93 100 52 91 49 8 62 12 -1
91 62 12 74 47 103 16 70 41 60 58 97 1 -1
32 68 50 95 20 17 56 1 97 58 74 60 47 12 -1
47 103 62 53 8 63 2 94 105 83 34 18 67 93 98 3 6 81 85 66 -1
102 31 19 22 66 85 6 81 105 94 27 101 55 80 97 -1
72 108 4 77 5 36 48 44 82 19 85 81 105 83 2 34 66 -1
65 56 61 0 78 39 87 38 45 55 -1
84 25 7 49 91 52 100 18 66 3 85 24 86 51 46 28 59 -1
102 24 54 66 93 3 15 34 83 35 90 49 52 100 91 62 47 74 60 -1
37 40 25 84 104 10 52 49 90 91 100 18 15 35 93 3 66 -1
46 28 21 27 101 94 6 54 24 86 51 71 31 -1
35 34 54 24 85 81 105 83 15 18 67 100 52 -1
40 37 10 70 104 84 25 7 52 49 91 8 90 35 34 83 2 -1
66 22 85 94 27 105 81 3 54 24 -1
79 108 4 77 5 107 36 72 48 92 44 82 99 -1
77 107 4 36 108 48 92 64 79 73 109 11 5 42 106 89 96 -1
39 87 97 80 58 38 74 16 12 53 8 91 35 90 62 47 41 104 37 84 -1
70 84 25 7 52 10 37 57 40 104 41 -1
14 33 82 44 26 29 43 69 99 76 102 71 88 31 23 9 18 98 -1
47 12 41 70 10 37 104 7 103 16 60 58 -1
18 9 23 82 99 76 102 71 86 81 6 22 3 93 -1
63 53 62 8 90 35 83 105 81 85 3 34 -1
102 88 71 86 6 22 66 3 9 92 67 98 93 18 100 91 90 35 2 63 8 -1
43 29 30 26 82 23 9 18 3 22 19 102 -1
51 31 14 76 33 102 24 54 34 15 18 67 92 64 79 73 106 57 -1
40 25 7 84 104 10 70 103 41 16 74 58 60 -1
84 104 7 57 10 52 89 73 11 106 42 96 -1
7 52 100 67 93 34 35 15 3 81 -1
35 8 62 12 103 70 104 41 74 60 47 58 97 -1

89 106 57 7 49 91 62 8 90 53 45 38 63 80 87 0 39 78 65 56 -1
27 94 101 55 45 80 63 8 53 62 -1
3 18 93 98 67 92 64 11 42 73 89 106 57 40 37 25 84 7 -1
33 23 31 51 71 102 14 69 43 30 29 26 82 99 76 -1
23 82 26 29 30 69 43 72 108 5 77 4 36 107 -1
107 4 36 5 11 73 96 64 109 89 -1
37 7 25 10 40 57 42 11 73 64 92 9 3 93 98 67 100 52 49 -1
55 45 80 97 58 38 74 12 103 62 53 90 91 52 100 18 92 44 30 69 43 -1
13 28 59 68 95 50 17 20 32 27 94 6 66 93 9 18 100 52 91 -1
8 91 100 67 98 93 66 9 23 31 19 82 99 76 33 102 51 71 -1
19 102 14 31 51 88 71 86 81 85 54 6 22 24 -1
102 51 88 71 86 24 6 3 9 92 72 43 30 29 -1
12 41 103 16 60 58 38 63 2 15 83 -1
31 22 19 24 6 94 81 3 98 93 18 100 91 8 63 12 53 38 87 56 17 -1
81 105 27 17 50 13 21 46 86 24 31 22 66 54 6 3 85 19 82 99 14 -1
92 67 98 18 100 93 9 19 31 14 33 99 69 -1
49 8 90 62 53 38 87 39 0 56 17 -1
73 42 106 11 96 89 52 49 8 91 62 53 38 -1
44 43 29 30 69 14 99 76 102 24 86 71 51 31 88 -1
31 22 85 81 86 51 88 71 102 76 69 30 29 43 26 82 19 24 -1
57 42 5 77 107 4 36 64 109 73 79 72 44 48 108 -1
10 40 57 42 89 96 11 5 108 107 4 -1
11 109 64 92 67 18 9 19 33 82 44 43 26 72 -1
102 51 88 71 86 21 46 28 59 32 20 95 27 -1
33 14 31 102 24 85 66 22 54 34 3 67 98 93 35 83 105 27 17 -1
26 44 82 99 76 33 102 19 22 6 66 18 15 -1
31 33 14 69 30 26 29 43 72 92 67 18 15 66 34 35 49 -1
85 3 22 66 34 15 2 94 83 105 27 95 78 -1
43 26 29 30 44 48 79 72 108 5 107 4 36 64 96 -1
5 107 48 72 92 9 23 82 19 22 31 71 102 -1
105 27 94 83 3 66 54 34 2 45 38 12 74 16 60 47 62 90 35 8 -1
83 2 35 8 49 90 62 91 52 7 37 40 57 106 73 -1
32 20 50 13 28 46 86 51 88 71 31 14 99 33 102 -1
24 22 66 34 83 15 3 6 81 94 85 54 -1
50 95 78 17 32 13 68 59 21 46 28 86 -1
21 27 105 81 94 6 66 54 85 19 3 18 -1
63 80 97 0 56 87 1 61 65 50 20 32 13 28 86 46 51 88 -1
84 37 10 7 70 103 47 60 12 63 80 58 38 74 16 41 104 25 40 -1
18 3 93 34 2 45 87 55 39 56 1 61 0 80 63 53 12 38 -1
104 10 37 7 41 16 70 103 12 74 47 62 91 49 52 89 73 109 -1
88 31 33 23 19 24 102 14 76 69 43 44 82 -1
29 43 72 44 30 69 76 31 88 51 46 21 68 17 75 50 13 32 95 -1
109 73 64 96 42 89 11 5 77 107 48 79 72 44 92 67 -1
89 11 5 107 4 108 48 36 64 96 73 -1
79 73 106 57 40 10 25 84 37 104 41 7 49 90 53 8 62 91 52 -1
108 4 107 5 11 64 109 89 106 42 57 40 104 70 16 -1
59 95 32 27 21 46 86 6 22 85 66 54 15 3 81 94 2 -1
78 17 95 68 13 50 20 32 59 28 21 27 105 81 -1
56 65 39 0 80 55 38 58 47 103 62 -1
32 17 50 65 0 78 39 55 87 45 2 94 6 86 21 13 68 20 75 -1
32 27 95 68 75 20 17 78 39 0 56 1 61 65 50 -1
87 97 1 61 0 65 78 39 55 101 94 27 -1
49 90 8 35 15 83 3 98 18 34 -1
28 46 86 21 68 20 75 17 32 95 78 39 55 80 87 56 1 61 -1
16 12 63 53 45 2 35 90 91 62 103 41 74 47 58 -1
52 49 35 8 63 45 2 15 66 34 -1

27 17 50 65 61 1 56 0 87 39 78 95 20 68 -1
15 3 66 85 19 33 23 82 99 76 14 102 24 86 51 -1
53 62 47 103 12 60 16 70 25 37 40 104 41 -1
101 27 105 83 2 15 18 66 85 6 24 19 9 23 -1
20 50 65 39 78 0 87 45 55 63 53 90 62 91 52 49 -1
38 58 60 12 62 90 35 34 66 22 24 86 6 81 94 83 105 27 17 32 -1
27 101 94 6 81 86 71 51 31 33 19 24 102 14 69 43 30 29 -1
0 1 97 58 60 41 74 16 70 84 25 -1
86 21 13 28 59 95 17 32 68 75 20 50 65 61 1 97 58 47 103 -1
21 68 75 50 20 32 13 28 46 86 6 22 66 15 18 93 -1
85 81 105 94 6 24 31 102 88 51 46 21 -1
96 64 109 73 42 11 5 77 4 36 48 79 72 108 107 -1
67 98 93 18 66 54 22 85 6 81 105 83 35 2 45 63 53 12 38 80 -1
8 35 91 62 47 16 74 60 58 80 55 63 12 53 38 45 -1
96 42 106 89 73 79 108 107 4 77 5 11 64 109 -1
39 65 17 75 68 95 59 28 13 21 27 101 94 6 54 -1
60 58 97 0 56 61 1 87 55 63 38 12 74 16 103 41 -1
79 11 96 89 106 42 5 108 36 64 109 73 -1
22 54 66 18 98 3 6 94 81 105 83 35 91 52 7 70 84 104 40 37 -1
63 38 80 87 1 0 61 65 56 17 50 20 32 13 21 28 46 -1
74 60 47 41 103 70 16 12 62 53 8 49 91 100 93 67 -1
4 108 107 77 5 11 73 106 57 10 104 41 60 74 16 47 62 90 8 -1
56 39 17 65 61 1 87 45 38 53 90 35 93 98 3 19 102 33 -1
72 79 108 4 36 107 5 42 106 73 11 109 64 89 52 100 -1
35 15 2 94 27 59 95 78 17 39 87 -1
40 10 52 49 8 90 53 45 55 101 27 17 78 39 56 -1
61 0 97 80 55 38 63 12 53 62 47 103 70 10 57 37 40 -1
46 51 102 14 33 23 82 44 43 69 30 29 26 -1
69 99 76 14 102 31 71 86 81 6 24 85 -1
70 10 57 40 104 37 25 84 7 52 91 49 8 53 -1
0 61 56 39 55 101 94 6 24 85 54 3 83 2 63 8 35 15 66 22 -1
109 89 96 11 73 64 79 72 108 107 5 36 4 77 -1
30 44 72 48 79 36 107 4 77 5 -1
70 41 7 104 37 40 57 10 52 89 106 11 109 -1
78 0 80 55 101 27 94 83 35 8 90 91 100 93 9 19 -1
24 102 14 76 69 43 30 29 26 82 23 9 93 100 18 3 67 98 -1
76 14 99 69 30 29 26 43 44 92 48 72 -1
89 52 7 84 104 40 25 70 41 74 -1
82 44 30 29 26 72 48 36 108 4 107 5 42 57 -1
75 68 59 21 28 13 32 27 105 81 6 54 15 66 9 19 22 85 -1
86 28 21 13 50 65 0 39 78 95 -1
31 24 19 85 54 22 66 34 2 94 6 81 86 -1
30 43 44 48 92 9 93 98 18 100 52 91 90 49 8 53 62 103 70 -1
101 55 63 38 45 80 58 60 12 53 62 8 35 2 34 66 -1
100 67 93 3 83 35 2 15 18 66 85 94 81 105 27 95 59 -1
9 19 23 31 33 99 76 69 43 30 44 72 92 67 3 34 2 -1
61 0 97 1 87 80 38 74 58 60 41 16 47 -1
89 96 64 11 79 48 92 44 82 23 33 76 31 102 -1
84 70 104 25 37 7 103 47 41 74 38 80 63 53 12 -1
81 3 85 22 24 6 94 105 83 2 63 53 45 87 55 101 27 32 -1
89 96 42 106 73 11 64 92 9 18 100 91 35 83 105 94 101 55 63 53 -1
30 29 43 44 92 64 11 73 109 89 42 5 77 4 36 108 107 -1
20 17 27 95 59 32 50 13 28 46 86 21 68 75 -1
1 87 39 78 65 56 61 0 97 80 55 101 27 59 68 -1
82 44 30 26 29 43 72 48 92 9 93 98 67 3 18 100 91 52 89 -1
105 83 35 91 52 10 40 37 84 7 103 16 74 12 41 47 58 97 1 -1

25 10 40 57 42 89 73 79 11 5 108 4 77 107 36 48 44 72 -1
60 58 74 12 53 62 47 103 41 16 70 10 7 37 84 104 40 -1
19 3 9 23 31 33 102 76 69 99 82 44 48 107 77 4 108 -1
2 35 8 62 90 49 91 100 18 34 15 83 94 -1
39 65 56 87 97 1 61 0 78 95 20 17 50 75 -1
45 2 94 101 27 32 17 39 55 87 38 63 8 35 15 54 3 83 -1
78 65 39 55 101 94 2 15 66 18 100 93 67 3 85 22 6 -1
52 10 37 57 42 5 107 108 4 36 79 73 64 109 89 106 11 96 -1
62 90 8 63 45 2 35 83 105 94 101 27 32 13 -1
56 65 50 75 20 68 13 28 46 21 -1
6 94 85 24 31 102 14 76 99 69 30 26 -1
34 93 3 22 24 6 94 83 105 81 85 54 15 2 63 53 45 55 87 -1
83 2 94 101 27 32 50 95 78 39 -1
108 72 36 64 11 73 96 42 5 77 107 48 44 -1
84 70 25 104 10 7 57 106 73 42 5 -1
38 80 87 1 61 0 97 58 60 41 12 62 53 90 8 63 55 101 27 -1
70 41 47 62 8 49 35 91 90 53 38 63 12 16 103 7 25 84 37 -1
73 89 11 96 42 5 36 48 72 44 82 19 3 98 93 -1
95 17 75 68 21 27 59 32 20 50 65 61 -1
69 14 99 76 31 24 102 71 86 21 59 95 78 65 61 56 39 -1
95 59 68 75 17 20 32 50 13 21 46 28 86 51 -1
64 11 96 42 5 77 107 4 36 79 48 108 72 92 44 43 26 29 30 69 -1
28 86 46 21 13 68 32 95 50 65 61 1 -1
65 56 17 32 68 59 95 78 39 0 -1
3 93 100 52 10 70 104 84 37 25 7 103 16 47 62 90 -1
45 38 55 63 80 97 58 74 16 41 -1
25 70 41 104 37 40 10 57 7 52 91 100 93 98 67 92 18 34 -1
8 12 16 70 25 104 37 84 7 57 10 40 -1
44 72 79 11 42 5 108 36 48 107 4 77 -1
67 3 81 94 105 83 35 91 62 8 63 2 45 53 90 -1
51 71 88 31 14 99 33 19 24 85 54 6 94 101 55 87 80 45 53 62 47 -1
30 69 76 14 31 33 23 82 26 44 48 36 107 5 108 79 -1
83 34 93 67 92 48 44 30 29 43 72 108 107 5 -1
7 104 40 57 37 84 70 103 41 74 12 38 55 101 27 95 32 -1
34 2 15 18 67 93 66 85 22 19 82 99 69 43 72 36 64 -1
15 18 9 66 22 6 94 85 3 54 24 31 14 102 51 -1
46 51 88 71 102 76 14 69 99 82 23 31 33 19 85 94 6 22 54 24 -1
34 93 35 90 49 52 100 18 9 92 48 108 72 -1
2 45 38 53 62 103 16 12 63 55 39 78 17 20 68 75 50 95 59 -1
48 36 72 79 11 96 64 92 44 26 30 29 43 -1
15 2 45 80 0 39 87 1 97 58 47 41 12 62 53 -1
21 86 81 105 83 2 45 87 56 0 1 61 65 50 75 20 -1
96 89 106 42 73 109 11 5 36 79 64 92 72 44 26 82 23 9 19 33 76 -1
87 55 45 53 63 2 34 3 83 35 8 62 103 70 16 41 12 60 74 58 -1
81 6 54 34 66 15 2 45 87 39 56 17 -1
42 11 109 73 79 64 96 89 52 91 8 53 90 49 35 83 3 15 34 54 -1
72 36 108 5 77 107 48 44 30 43 26 82 33 76 99 14 69 -1
57 10 7 70 16 60 58 97 80 87 38 45 53 63 8 49 91 100 52 89 -1
108 36 4 77 107 48 44 92 18 100 52 49 7 103 47 -1
77 5 36 64 109 73 96 42 106 11 79 72 44 26 30 -1
108 72 44 43 29 26 30 69 76 33 31 51 71 -1
41 103 47 60 12 53 8 91 100 93 3 18 66 22 19 102 71 88 -1
2 34 15 54 24 102 19 3 67 98 18 92 -1
81 6 66 18 93 67 92 48 72 43 44 82 99 14 76 -1
47 41 74 12 53 45 63 38 58 80 97 0 87 39 55 101 -1
56 61 1 0 97 87 45 38 74 41 7 -1

76 69 43 29 26 82 99 33 19 23 9 93 35 15 83 -1
5 11 89 52 91 100 67 92 72 108 79 64 73 109 -1
64 79 11 109 89 106 73 42 5 36 48 108 72 92 67 93 -1
35 91 52 89 106 73 42 96 64 109 11 5 107 77 4 36 79 -1
106 57 7 10 52 89 73 79 108 5 42 11 96 64 36 107 4 -1
15 3 81 86 6 94 85 54 34 93 98 18 66 9 92 64 79 48 108 107 -1
55 39 56 87 80 63 2 45 53 90 -1
97 58 74 12 53 38 80 0 39 56 17 68 59 21 13 28 -1
78 0 56 61 1 97 80 63 38 55 45 2 35 83 15 3 22 19 33 -1
48 92 67 18 100 91 90 8 49 7 57 37 10 104 84 25 70 16 12 38 74 -1
107 4 36 64 11 79 73 106 89 96 42 57 40 10 7 84 -1
1 97 87 56 65 78 39 0 80 38 58 60 41 103 47 62 12 63 55 45 -1
58 74 41 60 16 103 62 12 38 53 8 35 2 -1
105 83 2 45 55 39 0 97 80 87 38 53 12 41 16 60 58 47 -1
50 68 21 13 28 59 27 101 94 81 86 46 51 71 -1
80 87 56 0 78 65 17 32 68 21 46 28 -1
107 4 77 5 42 11 89 52 49 90 62 12 16 -1
39 56 61 1 87 45 2 63 12 62 91 52 -1
47 16 70 84 25 40 10 57 37 7 41 60 74 58 97 0 80 45 87 -1
48 44 92 64 73 96 89 11 42 5 107 36 -1
25 7 70 104 37 40 10 57 42 96 73 64 -1
58 38 87 56 17 95 78 39 55 63 2 15 34 -1
50 13 32 59 27 101 55 39 0 78 65 61 1 56 17 -1
33 19 22 85 81 94 105 83 2 34 -1
108 5 36 64 92 18 3 19 31 76 69 99 82 23 -1
26 29 30 69 43 44 48 92 9 93 -1
50 65 56 1 61 0 80 63 55 38 87 39 17 68 75 20 32 59 95 -1
61 0 97 1 87 39 55 45 53 12 60 47 74 58 80 38 63 2 94 83 34 -1
92 64 36 5 77 4 108 79 73 11 106 89 52 10 -1
67 93 66 34 83 2 45 87 97 58 60 12 47 103 41 16 70 10 40 -1
104 84 37 10 70 41 7 57 40 25 -1
80 63 38 53 62 90 91 49 8 12 -1
43 69 99 14 31 24 22 54 3 6 85 81 94 27 59 28 86 46 -1
35 93 18 34 15 83 105 27 59 28 21 46 51 71 -1
57 37 84 25 104 41 47 58 60 74 16 103 7 49 8 90 53 12 38 80 55 -1
84 37 25 7 104 70 10 40 57 42 96 -1
25 70 103 7 84 37 104 40 57 10 52 100 91 49 -1
70 16 47 62 103 41 7 10 104 25 37 40 57 42 106 73 11 79 -1
38 55 63 2 83 15 3 93 18 98 67 92 48 79 73 42 89 -1
68 59 28 21 86 71 88 31 33 19 23 9 66 34 18 100 91 35 2 83 -1
15 35 34 66 3 98 18 67 93 100 91 -1
14 102 88 31 71 51 86 81 94 101 27 -1
91 49 52 10 40 37 25 104 84 70 16 12 60 58 47 41 74 38 45 87 80 -1
18 67 92 48 79 108 5 11 42 89 73 109 64 96 -1
86 46 21 32 95 27 17 68 59 28 13 50 20 -1
48 72 108 107 77 4 36 64 109 73 96 11 89 52 100 91 62 -1
90 8 53 12 47 60 58 97 80 63 38 87 55 101 -1
53 62 8 35 93 98 3 19 24 31 14 102 51 86 71 88 -1
31 76 99 14 33 23 9 3 19 82 26 29 30 -1
49 90 53 63 55 39 0 1 87 56 17 68 75 50 20 -1
71 102 88 31 14 33 82 19 9 93 66 6 94 101 55 80 58 38 74 16 -1
39 55 38 53 62 90 8 35 93 18 98 67 3 9 92 48 -1
32 27 105 83 35 91 49 8 62 90 53 38 87 -1
4 77 107 36 79 64 92 9 19 82 23 31 102 24 22 -1
11 73 109 89 106 57 42 5 108 48 92 18 93 -1
82 44 92 72 26 30 29 43 69 99 14 102 24 19 3 54 22 -1

