5 7 9 10 12 13 -1
6 9 10 11 3 1 0 -1
2 1 0 -1
2 5 3 1 4 -1
0 1 2 5 14 6 9 7 -1
8 14 6 9 7 5 3 4 -1

5 7 9 10 12 13 -1
6 9 10 11 3 1 0 -1
2 1 0 -1
1 2 5 14 6 9 7 -1
0 1 2 5 3 4 -1
8 14 6 9 7 5 3 4 -1

5 7 9 10 12 13 -1
6 9 10 11 3 1 0 -1
2 1 0 -1
2 5 3 1 4 -1
0 1 2 5 14 6 9 7 -1
8 14 6 9 7 5 3 4 -1

5 7 9 10 12 13 -1
6 9 10 11 3 1 0 -1
2 1 0 -1
1 2 5 14 6 9 7 -1
0 1 2 5 3 4 -1
8 14 6 9 7 5 3 4 -1

5 7 9 10 12 13 -1
6 9 10 11 3 1 0 -1
2 1 0 -1
2 5 3 1 4 -1
0 1 2 5 14 6 9 7 -1
8 14 6 9 7 5 3 4 -1

5 7 9 10 12 13 -1
6 9 10 11 3 1 0 -1
2 1 0 -1
1 2 5 14 6 9 7 -1
0 1 2 5 3 4 -1
8 14 6 9 7 5 3 4 -1

5 7 9 10 12 13 -1
6 9 10 11 3 1 0 -1
2 1 0 -1
2 5 3 1 4 -1
0 1 2 5 14 6 9 7 -1
8 14 6 9 7 5 3 4 -1

5 7 9 10 12 13 -1
6 9 10 11 3 1 0 -1
2 1 0 -1
2 5 3 1 4 -1
0 1 2 5 14 6 9 7 -1
8 14 6 9 7 5 3 4 -1

5 7 9 10 12 13 -1
6 9 10 11 3 1 0 -1
2 1 0 -1
1 2 5 14 6 9 7 -1
0 1 2 5 3 4 -1
8 14 6 9 7 5 3 4 -1

5 7 9 10 12 13 -1
6 9 10 11 3 1 0 -1
2 1 0 -1
2 5 3 1 4 -1
0 1 2 5 14 6 9 7 -1
8 14 6 9 7 5 3 4 -1

13 12 10 11 3 4 -1
12 10 9 7 5 -1
4 3 5 14 6 9 7 -1
12 9 7 5 2 -1
7 14 8 -1
12 13 -1

12 13 9 -1
7 14 6 9 10 -1
7 14 5 3 -1
8 14 6 9 10 11 -1
5 2 1 4 3 11 -1
11 3 4 1 0 -1

9 10 12 13 -1
12 13 9 6 -1
7 9 -1
8 14 5 7 -1
14 8 -1
0 1 2 5 -1

1 3 -1
14 6 9 13 12 -1
6 9 12 10 11 3 4 -1
5 2 1 0 -1
4 1 0 -1
6 14 8 -1

6 14 7 5 2 1 0 -1
6 9 13 12 10 11 3 -1
2 1 0 -1
0 1 -1
5 7 9 6 14 8 -1
11 3 5 7 14 -1

14 8 -1
5 2 1 -1
4 1 -1
2 5 3 1 -1
10 12 9 7 14 -1
13 9 10 12 -1

8 14 7 -1
0 1 4 -1
3 11 10 12 13 -1
13 12 10 -1
11 10 9 12 13 -1
9 12 10 11 3 -1

0 1 4 3 11 10 12 -1
5 3 4 1 0 -1
12 10 9 6 -1
4 1 2 5 -1
14 8 -1
8 14 6 9 12 13 -1

1 3 -1
5 2 -1
4 3 -1
5 2 1 0 -1
14 7 5 2 1 -1
2 5 3 11 10 9 6 -1

6 14 7 5 2 1 -1
11 10 9 12 13 -1
3 11 10 9 -1
14 6 -1
14 8 -1
6 9 10 -1

