14 2 50 13 22 38 69 23 3 19 36 41 51 8 26 1 11 9 59 10 52 64 58 34 25 27 -1
19 36 41 51 56 8 52 20 43 50 0 69 18 65 39 48 29 23 2 14 60 17 10 16 26 30 63 6 47 40 -1
68 11 15 30 63 6 47 40 12 41 51 8 26 62 21 24 42 49 1 16 10 52 64 35 57 25 4 7 46 53 -1
43 13 22 45 41 27 25 34 51 8 26 49 42 15 11 9 17 50 23 69 18 32 39 48 3 0 2 14 44 60 -1
28 10 17 44 61 43 33 58 35 6 47 53 4 12 41 36 38 66 69 19 54 65 67 27 25 57 -1
55 52 64 58 34 51 56 28 8 26 16 10 20 33 22 38 66 3 23 50 43 61 17 59 -1
31 1 26 8 51 41 12 27 67 18 54 36 45 34 35 6 21 62 49 9 17 43 33 58 57 25 4 7 -1
24 63 6 35 41 27 67 5 54 19 22 33 20 17 9 1 26 8 51 34 25 4 40 -1
68 59 10 52 64 58 33 50 0 69 38 36 45 34 35 6 63 24 30 26 16 55 20 13 -1
44 14 2 0 69 18 37 67 27 41 51 8 26 62 49 1 16 55 10 28 56 6 21 30 15 11 59 17 43 13 -1
53 4 12 41 45 22 33 43 61 17 59 1 49 15 30 26 8 51 57 25 27 67 65 -1
64 52 20 17 60 61 43 33 50 2 0 69 38 36 41 25 4 7 47 6 56 8 55 16 9 1 26 30 -1
63 30 26 16 10 17 44 61 43 33 58 41 12 40 4 25 34 45 36 38 3 -1
53 4 12 41 36 38 69 0 3 66 54 5 65 39 48 29 19 22 33 58 35 6 47 7 46 -1
32 54 36 41 57 58 33 50 2 14 61 17 10 28 56 6 47 53 46 7 4 25 34 45 22 13 -1

68 11 15 30 63 6 47 40 12 41 58 33 43 61 60 17 20 13 22 36 45 34 51 8 26 1 -1
14 2 50 13 43 61 44 17 10 28 8 51 41 35 6 21 62 30 26 1 31 9 16 55 52 64 58 34 25 12 -1
19 22 33 20 17 9 11 1 26 8 51 41 36 38 69 23 2 14 61 43 50 0 3 66 18 67 27 12 40 46 -1
19 36 41 51 56 8 55 20 43 50 0 69 18 65 39 48 3 23 2 14 60 17 10 52 64 35 57 25 4 40 -1
21 6 47 40 12 41 51 8 26 16 10 20 33 22 19 65 54 66 69 23 50 17 9 11 15 49 1 59 68 -1
21 6 47 40 46 7 4 12 41 58 64 52 8 26 49 1 59 17 60 61 43 50 23 29 -1
32 18 19 22 33 43 50 23 69 66 54 5 37 65 39 48 3 0 2 14 44 17 20 52 64 58 41 27 67 -1
59 17 20 33 22 38 36 41 35 6 47 53 4 25 27 67 37 18 69 23 50 43 61 60 44 14 2 0 3 29 -1
27 41 45 36 54 32 18 19 22 33 58 57 35 6 63 30 26 16 10 17 44 -1
24 63 6 35 41 27 67 5 54 36 45 58 51 8 26 49 42 15 11 59 17 20 33 22 19 18 32 -1
7 47 6 56 8 26 1 31 11 59 17 50 23 29 19 22 33 20 55 16 9 49 42 30 24 21 63 -1
53 4 12 41 45 36 38 22 33 58 51 56 8 10 17 44 61 43 20 52 64 35 6 47 40 -1
34 58 33 50 0 69 38 36 41 35 6 63 24 30 26 1 68 9 17 43 13 22 19 18 39 -1
39 18 54 36 41 51 8 26 49 15 11 9 17 20 33 22 38 19 65 67 27 25 57 35 6 47 53 4 12 -1
18 54 36 41 51 8 26 62 21 6 35 34 25 27 67 65 19 22 13 50 23 69 48 39 32 -1

22 13 50 2 14 61 17 9 11 49 26 8 51 41 36 19 18 67 27 25 34 35 6 56 28 10 59 68 -1
36 22 13 43 61 60 17 20 33 58 41 12 40 47 6 21 30 26 8 51 34 25 4 7 46 53 -1
36 41 51 8 26 1 16 10 52 64 58 34 25 4 12 27 67 18 19 69 23 50 13 22 33 20 17 59 11 15 -1
43 33 22 45 41 27 25 34 51 8 26 49 42 62 21 6 35 64 52 20 17 60 14 2 23 69 48 39 65 -1
68 11 15 30 21 6 47 40 4 25 57 41 27 67 65 18 69 0 50 17 10 8 56 51 58 33 43 61 44 -1
55 8 51 34 58 33 50 0 69 38 36 41 25 4 53 47 6 35 64 52 20 13 22 45 -1
32 18 69 23 50 43 13 22 38 66 19 36 41 25 4 12 27 67 65 39 48 -1
59 17 20 33 22 38 19 29 66 54 36 41 51 8 26 1 11 31 9 16 10 52 64 58 34 25 12 -1
28 10 17 44 61 43 50 23 69 18 37 67 27 41 51 8 26 62 30 15 11 31 -1
52 64 58 41 12 40 46 7 4 25 27 67 65 39 48 66 18 5 54 19 69 23 50 17 10 16 26 30 24 -1
44 61 43 13 20 10 16 26 30 24 21 6 35 58 33 50 0 69 29 23 2 14 60 17 9 49 42 15 11 1 -1
32 54 36 45 58 64 52 10 59 68 1 26 30 24 21 6 56 8 55 20 33 22 38 69 23 50 17 9 11 15 -1
57 35 6 63 30 26 16 10 17 44 61 43 33 58 41 12 27 67 18 66 3 38 22 13 20 -1
7 47 6 56 8 26 1 31 11 15 30 63 24 62 49 9 59 10 52 64 35 57 25 41 36 38 3 -1
9 16 26 8 56 6 47 40 12 41 36 38 3 66 18 67 27 25 4 53 -1

43 13 22 45 41 27 25 34 58 64 52 10 59 68 11 15 30 63 6 47 40 4 7 46 53 -1
10 17 50 2 14 60 61 43 13 22 36 41 51 8 26 1 16 55 52 64 58 34 25 4 12 27 67 18 19 -1
60 61 43 33 58 41 12 40 47 6 21 30 26 8 51 34 25 4 7 46 -1
22 13 50 23 69 38 66 19 36 41 25 4 12 27 67 18 39 48 3 0 2 14 61 17 10 16 26 49 1 -1
19 36 41 51 56 8 10 17 50 0 69 18 65 67 27 25 57 35 6 47 40 -1
19 22 13 43 17 59 11 9 1 26 8 51 41 12 25 34 58 33 50 2 14 44 60 -1
28 10 17 44 61 43 13 22 19 18 37 67 27 41 35 6 21 62 30 26 8 52 20 55 16 9 31 11 49 42 -1
32 18 19 22 33 43 50 23 69 38 36 45 58 64 52 10 59 1 26 8 51 41 27 67 -1
31 1 26 8 51 41 12 27 67 65 39 48 66 19 36 45 34 25 4 7 46 40 47 6 35 58 33 50 2 14 -1
47 6 35 41 36 38 19 29 23 50 17 59 11 49 26 8 51 34 25 27 67 18 66 3 0 2 14 61 43 20 -1
24 21 6 35 41 27 67 18 19 22 33 20 10 16 26 30 63 -1
16 26 8 56 6 47 40 12 41 58 64 52 10 59 9 17 20 33 22 45 34 25 4 -1
57 35 6 63 30 26 16 10 17 44 61 43 33 58 41 12 40 4 25 34 45 36 38 3 -1
53 4 25 41 36 38 69 0 50 17 10 16 26 30 24 62 15 11 68 1 49 42 -1
32 18 38 36 41 57 51 64 58 33 22 19 29 23 50 43 61 60 17 59 1 49 26 8 56 6 47 40 -1

22 13 50 2 14 61 17 9 11 49 26 8 51 41 36 19 18 67 27 25 34 35 6 56 28 10 59 68 -1
36 41 51 8 26 1 16 10 52 64 35 34 25 4 40 47 6 21 62 49 9 17 60 14 2 23 69 48 39 65 -1
43 13 22 45 41 27 25 34 58 51 8 10 59 68 11 15 62 21 6 47 40 7 4 53 46 -1
22 19 69 23 3 38 66 54 36 41 25 4 53 47 6 21 24 30 26 1 59 17 50 0 -1
68 1 26 30 62 21 6 35 41 36 19 18 67 27 12 25 34 51 8 10 17 50 23 69 48 39 32 -1
55 8 51 34 45 36 38 69 0 3 19 65 67 27 41 57 25 4 40 47 6 35 58 33 50 17 10 52 -1
32 18 19 22 13 43 17 60 14 2 23 29 3 38 36 41 51 8 26 49 11 31 -1
28 10 17 44 14 2 0 69 18 37 67 27 41 51 8 26 62 49 1 16 55 52 64 35 6 21 30 15 11 31 -1
31 1 26 8 51 41 12 25 34 35 64 52 10 59 9 17 43 33 58 45 22 13 50 2 14 44 60 61 -1
52 64 58 41 12 40 46 7 4 25 27 67 65 39 48 69 18 5 54 66 3 23 50 17 10 16 -1
32 18 19 36 45 34 51 8 26 30 15 49 1 16 10 20 17 9 -1
24 21 6 35 41 27 67 18 19 22 33 20 43 50 23 3 38 36 45 34 51 8 26 62 49 1 59 17 61 -1
7 4 25 34 51 8 26 1 31 11 15 30 63 6 35 57 41 36 38 18 32 54 19 22 33 20 17 59 10 55 -1
56 51 58 33 50 0 2 14 61 17 20 13 22 38 18 37 67 27 25 4 53 47 6 35 41 36 19 29 66 54 -1
63 30 26 16 10 17 44 61 43 33 58 41 12 40 47 6 56 28 8 51 34 25 4 53 -1

14 61 43 13 22 38 69 23 50 17 9 11 49 26 8 51 41 36 19 18 67 27 25 34 35 6 56 -1
36 22 13 43 61 60 17 20 33 58 41 12 40 47 6 21 30 26 8 51 34 25 4 53 46 7 -1
36 41 51 8 26 1 59 17 20 33 58 34 25 4 12 27 67 18 19 69 23 2 14 60 -1
10 17 50 2 23 69 48 39 65 19 3 0 -1
43 13 22 45 41 27 25 34 51 8 26 49 42 30 21 6 35 64 52 20 17 60 14 2 23 29 69 38 66 -1
68 11 15 30 21 6 47 40 4 25 57 41 36 19 65 39 48 3 23 50 17 10 16 1 -1
32 18 19 22 33 43 17 9 49 62 26 8 51 41 36 54 65 67 27 25 4 53 -1
55 8 51 34 58 33 50 0 69 38 36 41 35 6 56 28 10 17 44 61 43 13 22 19 18 32 -1
10 8 51 41 12 25 34 58 33 20 17 59 1 31 11 15 30 21 6 47 7 -1
59 17 20 33 22 38 36 41 35 6 47 53 4 25 27 67 18 54 19 69 48 39 32 37 5 65 -1
52 64 58 41 12 40 46 7 4 25 27 67 65 39 48 66 19 36 45 34 51 8 26 30 24 62 15 11 68 -1
32 54 36 45 41 25 4 53 47 6 35 58 33 50 0 2 14 61 17 10 8 26 30 24 62 49 1 -1
44 61 43 33 22 38 18 37 67 27 41 51 8 26 62 21 6 56 28 10 55 16 1 49 42 30 63 24 -1
44 61 43 33 58 41 12 25 34 51 8 26 1 9 49 62 21 6 47 40 -1
57 51 56 6 63 30 26 1 31 9 17 20 43 50 23 3 38 36 41 25 4 53 -1

14 61 43 13 22 19 69 23 3 38 36 41 51 8 10 59 17 20 33 58 57 25 27 67 37 32 18 39 65 -1
36 22 33 20 17 59 1 26 8 51 41 27 67 65 39 18 69 0 3 29 23 2 14 60 61 43 50 13 -1
68 11 15 30 21 6 47 40 12 41 36 22 13 43 61 60 17 20 52 64 51 57 25 4 7 46 53 -1
10 17 50 2 23 69 19 36 41 51 56 8 55 20 33 22 38 3 0 -1
19 22 33 20 17 59 11 9 16 10 8 51 58 35 6 21 30 26 1 68 -1
43 13 22 45 41 27 25 57 51 8 26 49 42 30 21 6 63 24 62 15 11 59 17 50 23 69 18 66 38 -1
55 8 51 34 41 36 38 69 0 3 19 18 67 27 25 4 53 47 6 35 58 45 22 13 50 23 29 48 39 32 -1
10 8 51 41 12 4 53 47 6 21 30 15 11 31 9 17 20 33 58 34 35 64 52 55 16 1 49 -1
28 10 17 44 61 43 33 58 35 6 63 30 26 1 31 9 16 55 8 51 34 25 4 7 -1
44 61 43 13 20 17 9 31 1 26 8 51 57 35 64 52 10 16 -1
18 67 27 12 41 58 33 43 61 44 17 20 13 22 19 65 37 32 54 36 45 34 51 8 26 62 49 1 16 -1
24 63 6 35 41 27 67 18 54 36 45 34 25 4 40 -1
65 39 48 29 23 2 50 17 59 1 49 26 16 55 20 43 61 60 44 14 -1
16 26 30 63 6 47 40 12 41 51 8 10 59 9 17 20 33 22 38 54 19 69 18 67 27 25 4 7 -1
24 30 26 1 59 17 50 0 69 38 36 41 12 40 4 25 34 58 33 43 61 44 -1

43 13 22 45 41 27 25 34 58 64 52 10 59 68 11 15 30 21 6 47 40 4 7 46 53 -1
26 1 16 10 20 33 22 36 38 3 23 2 14 60 17 59 11 15 30 21 6 47 40 4 25 57 41 27 67 65 -1
14 60 17 43 13 22 36 41 51 8 56 6 47 40 12 25 34 58 64 52 10 59 9 11 -1
19 22 33 20 17 59 11 31 9 16 10 8 51 41 12 27 67 18 54 36 45 34 35 6 21 62 30 24 -1
19 36 41 51 56 8 10 17 50 0 3 38 54 65 39 48 69 23 2 14 61 43 20 55 16 26 49 -1
28 10 17 44 14 2 23 3 38 22 33 58 35 6 63 30 26 8 51 57 41 27 67 65 32 -1
55 8 51 34 58 33 50 0 69 38 36 41 35 6 21 24 30 15 11 68 59 17 43 13 22 19 65 39 18 66 -1
32 18 38 22 33 43 20 10 16 26 62 21 6 35 41 27 67 37 65 19 3 23 2 14 44 17 50 13 -1
32 54 36 45 22 38 3 29 23 50 17 59 11 15 42 24 63 6 35 41 27 25 34 51 56 -1
44 17 20 33 58 41 12 27 67 65 54 36 45 34 25 4 53 47 6 35 51 8 28 10 59 9 31 -1
7 47 6 21 30 15 11 31 9 16 26 62 24 63 -1
53 4 12 41 36 38 69 0 23 29 19 22 33 20 17 60 44 61 43 13 -1
49 1 59 17 60 61 43 50 23 69 48 3 38 36 41 25 4 7 46 40 12 27 67 18 19 29 66 54 65 5 -1
16 10 17 50 23 29 19 36 41 35 6 47 53 4 25 27 67 37 18 38 22 33 58 51 8 26 30 42 49 -1
52 20 43 50 33 58 64 51 57 35 6 56 8 26 49 62 24 -1

19 36 41 51 56 8 55 17 50 0 69 18 65 67 27 25 57 35 6 47 40 4 7 46 53 -1
22 13 43 61 14 60 17 9 11 59 10 8 51 41 36 19 69 0 2 23 3 48 39 65 -1
36 22 13 43 17 59 1 26 8 51 41 27 67 65 39 48 69 23 50 33 20 10 16 9 11 15 -1
43 13 22 45 41 27 25 57 58 64 52 10 59 68 11 15 49 26 8 56 6 47 40 12 4 7 46 -1
60 17 10 8 56 6 47 40 12 41 58 64 52 55 16 26 62 21 30 15 11 9 31 1 49 42 24 63 -1
28 10 17 44 14 2 0 69 18 37 67 27 41 58 64 52 8 26 62 49 1 16 55 20 43 -1
66 38 22 33 20 17 59 10 52 64 58 45 36 19 65 32 18 69 23 50 43 61 14 2 0 3 29 48 -1
55 8 51 34 58 33 50 0 69 38 36 41 35 6 63 24 30 26 16 10 20 13 22 19 18 67 -1
21 6 47 40 46 7 4 12 41 36 19 66 48 39 65 5 18 69 23 50 17 59 68 1 26 30 -1
33 43 61 44 17 20 13 22 45 34 35 6 21 30 26 8 51 57 25 4 53 40 12 41 36 38 3 66 18 37 -1
33 58 35 6 47 53 4 12 41 36 38 22 13 43 17 9 16 26 8 51 34 25 27 67 18 39 48 -1
57 35 6 63 30 26 16 10 17 44 61 43 20 52 8 56 51 58 33 50 2 0 69 38 36 41 12 4 7 -1
7 47 6 56 8 26 1 31 11 59 10 52 64 58 41 25 34 45 22 33 20 17 9 49 15 30 63 -1
68 1 26 30 24 63 6 47 53 4 25 57 51 8 10 59 9 49 42 -1
32 18 19 36 41 57 58 33 50 2 14 61 17 55 8 56 6 47 53 46 -1

68 11 15 30 21 6 47 40 12 41 58 33 50 17 60 61 43 13 22 36 45 34 51 8 26 1 -1
10 17 50 2 14 60 61 43 33 58 64 51 41 12 40 47 6 21 30 42 -1
22 33 50 23 69 38 36 41 51 8 10 59 17 61 14 2 0 3 19 18 32 -1
19 22 33 50 17 59 11 9 1 26 8 51 41 12 40 47 6 35 34 45 36 38 18 -1
19 36 41 51 56 8 10 17 50 0 69 18 65 67 27 25 57 35 6 47 40 4 7 46 53 -1
55 8 51 34 58 33 50 0 69 38 36 41 35 6 63 24 30 26 16 10 17 43 13 22 19 18 67 -1
21 6 47 40 46 53 4 25 41 51 8 52 10 17 50 23 69 66 38 3 29 19 22 13 20 55 16 1 11 31 -1
31 1 26 8 51 41 12 40 47 6 35 58 33 50 17 44 61 43 20 10 28 56 -1
27 41 45 22 19 18 32 54 38 69 0 50 43 17 10 8 56 6 47 7 4 25 57 58 33 20 55 16 1 31 -1
44 17 20 33 58 41 27 67 37 18 38 36 45 34 35 6 21 62 30 26 1 31 9 59 10 -1
57 35 6 63 30 26 8 10 17 44 61 43 33 58 41 12 40 53 4 25 34 45 22 13 20 52 55 16 1 49 -1
65 18 69 48 3 23 2 50 17 10 8 26 30 21 6 35 41 27 67 37 32 39 -1
68 1 26 30 24 21 6 35 51 8 10 59 11 15 49 9 17 50 23 69 48 39 18 19 3 0 -1
27 41 35 6 21 30 42 49 1 16 10 8 51 57 25 4 40 46 -1
14 60 17 59 11 49 42 30 21 6 35 41 36 54 32 18 67 27 12 25 34 45 22 19 65 -1

43 50 23 69 3 29 66 19 38 22 36 45 41 58 64 51 -1
36 45 22 13 20 52 8 28 10 16 55 17 59 68 9 11 31 1 26 62 21 63 -1
29 23 69 3 19 65 67 5 54 32 18 37 -1
50 2 0 3 48 29 23 69 66 54 18 39 32 65 37 67 27 12 25 57 58 41 34 51 56 6 -1
38 66 54 18 19 69 3 48 39 65 37 67 5 32 -1
6 63 24 30 62 49 9 68 11 15 42 -1
42 24 30 15 11 9 31 1 16 55 8 10 28 56 51 64 52 20 33 22 19 29 -1
33 50 0 23 2 14 44 61 17 55 8 26 49 42 30 63 -1
10 8 26 30 15 11 9 31 1 59 68 -1
44 61 14 60 17 59 1 68 9 11 49 42 15 30 24 63 21 6 -1
11 31 9 1 49 62 21 63 24 42 30 26 8 55 52 64 58 51 57 35 41 45 34 25 4 53 47 -1
58 34 45 22 36 38 18 32 5 65 37 67 27 41 25 12 40 4 -1
64 58 35 34 57 41 12 25 27 67 5 54 36 38 18 65 -1
8 10 20 43 50 17 55 16 26 49 -1
50 33 13 43 61 60 14 44 17 10 59 11 1 9 31 -1

32 39 48 69 3 19 22 45 34 57 35 6 47 53 46 40 7 4 25 27 67 65 54 66 18 38 36 41 58 -1
66 38 36 19 22 45 41 34 57 35 51 56 -1
19 18 54 36 45 41 25 4 12 27 67 5 32 65 39 48 69 38 22 13 33 50 17 20 10 8 -1
2 14 44 60 17 43 33 13 22 45 36 19 69 29 48 3 23 0 50 -1
60 17 55 20 52 10 59 1 16 9 68 11 15 30 63 24 21 62 49 -1
25 27 67 5 18 38 22 33 50 0 2 -1
16 26 49 15 11 59 17 44 60 14 2 50 23 0 -1
53 46 7 40 47 6 21 63 24 42 15 62 26 8 56 28 10 52 20 17 60 61 44 -1
52 10 28 8 55 20 43 13 33 50 2 0 23 29 3 48 39 32 37 18 66 38 54 36 45 41 -1
61 17 55 8 51 64 52 20 33 43 13 50 23 29 3 0 2 -1
55 17 59 11 1 9 16 26 62 21 24 42 49 15 30 63 6 35 57 58 51 64 52 10 28 56 8 -1
40 7 53 47 6 56 51 58 57 35 64 52 55 10 59 -1
56 28 10 55 16 9 31 1 68 59 17 60 44 61 43 33 -1
52 55 8 51 56 28 10 16 9 31 1 68 11 49 26 30 -1
18 38 3 66 48 69 23 2 14 61 17 9 49 42 15 11 59 68 1 26 30 63 24 62 21 6 47 40 -1

0 69 29 66 54 18 37 67 65 39 32 5 -1
19 36 41 35 57 25 12 4 40 53 7 47 6 21 30 24 62 42 49 15 11 31 9 16 1 59 10 -1
20 52 64 58 34 41 35 57 51 56 6 21 63 24 62 42 30 15 49 1 68 11 59 17 43 13 22 19 -1
39 18 32 65 5 37 67 27 25 57 34 51 8 28 56 6 35 41 58 45 22 -1
5 65 54 32 39 18 66 19 36 41 27 67 -1
64 35 57 58 45 36 54 19 66 29 69 3 38 18 5 32 37 65 67 27 41 51 8 56 -1
37 32 5 65 39 48 69 23 3 38 19 22 36 45 34 58 35 41 27 12 4 40 47 7 46 53 -1
46 53 7 47 6 63 30 26 8 52 55 20 13 -1
46 40 53 7 4 25 57 51 35 34 41 12 27 67 18 65 39 48 29 3 0 23 69 19 22 13 43 50 2 -1
16 1 31 11 68 9 49 62 30 63 -1
12 41 25 4 7 53 40 47 6 21 63 30 -1
23 50 2 14 60 44 61 17 43 13 20 33 22 38 3 69 29 19 65 37 18 67 27 -1
14 60 44 17 43 13 22 36 19 65 5 37 18 67 27 25 57 58 33 -1
65 18 69 0 3 38 54 36 41 34 57 51 64 35 58 33 20 10 55 16 -1
4 53 47 40 12 27 41 51 8 55 20 10 -1

67 37 65 39 18 54 19 3 69 0 23 2 14 -1
31 11 9 49 42 62 15 30 26 16 55 10 52 64 58 -1
50 0 23 29 66 54 18 5 67 27 12 25 34 45 41 35 51 64 58 33 43 61 17 44 14 2 -1
1 68 11 59 10 20 33 22 13 43 61 17 9 49 42 24 21 63 6 -1
42 15 62 24 63 21 30 26 1 68 59 9 49 11 31 -1
68 9 49 62 30 24 21 63 6 56 28 8 51 41 36 45 34 57 25 4 7 47 40 12 27 67 18 -1
2 14 44 17 60 61 43 33 20 10 28 56 51 57 41 27 12 25 4 40 -1
60 61 14 44 17 43 20 33 50 23 69 0 2 -1
42 62 15 30 21 6 56 28 8 51 -1
59 11 68 9 16 55 20 10 52 64 51 -1
55 52 8 56 51 34 58 64 35 57 41 27 12 4 25 -1
54 65 5 37 32 39 18 66 48 69 23 29 3 0 50 13 43 17 20 55 10 16 26 8 28 -1
13 20 55 8 51 34 58 57 41 25 12 4 53 7 40 46 -1
59 10 52 64 35 58 33 13 22 36 54 38 19 65 37 18 39 48 3 66 69 29 23 -1
62 30 42 24 63 6 35 51 57 25 4 7 40 46 53 47 -1

35 6 21 62 26 16 1 11 49 42 30 15 -1
40 46 7 47 53 4 25 27 12 41 36 38 19 54 66 29 -1
18 54 66 48 29 23 2 14 61 60 44 17 9 68 1 31 11 59 10 55 -1
33 13 43 20 52 8 56 28 10 59 1 11 49 62 26 16 9 -1
24 21 62 42 15 49 26 30 63 6 47 40 4 7 53 46 -1
52 64 35 58 41 57 51 34 45 36 19 3 0 23 2 14 44 61 43 -1
45 34 41 27 25 4 12 40 53 46 -1
25 12 4 7 47 6 21 24 63 30 15 62 26 -1
36 38 54 19 69 18 5 32 65 39 48 66 29 3 23 0 2 50 17 44 14 61 60 -1
57 34 25 12 4 7 53 47 40 46 -1
29 66 38 54 32 39 48 3 23 69 0 50 13 20 10 52 8 56 6 21 24 62 26 16 55 17 43 61 14 -1
67 37 32 39 48 3 0 69 29 66 54 36 22 -1
48 39 65 37 18 5 67 27 25 4 53 40 46 7 47 -1
51 8 52 20 17 9 31 11 68 59 1 49 26 -1
3 69 0 23 29 48 39 18 67 5 37 65 32 54 66 38 22 36 41 25 57 58 34 45 -1

49 9 59 68 11 15 42 30 26 62 21 6 47 7 53 40 46 -1
6 47 40 12 4 25 27 67 18 39 48 66 -1
39 32 54 5 67 27 12 41 35 57 25 4 53 -1
66 69 3 29 23 2 50 17 59 68 9 1 11 15 49 62 26 8 56 6 35 58 51 41 34 57 25 27 -1
2 14 44 61 60 17 20 10 52 64 51 35 34 -1
48 39 32 18 69 29 3 19 66 54 65 5 37 67 27 12 4 53 46 7 47 6 35 64 52 55 17 -1
39 18 65 54 36 19 3 38 69 23 50 33 13 22 45 58 41 12 40 -1
7 46 53 40 47 6 56 8 10 17 9 16 1 59 11 68 -1
3 38 66 19 29 48 39 65 37 5 32 54 36 45 41 34 -1
6 21 63 30 24 62 49 9 1 16 10 -1
1 68 9 31 11 49 62 21 63 30 42 24 -1
10 59 1 9 16 55 17 44 60 61 43 20 52 64 51 8 56 28 -1
48 69 38 22 19 65 39 18 66 29 3 0 50 43 17 61 14 2 23 -1
60 14 44 17 61 43 50 33 13 22 19 69 23 0 2 -1
63 6 56 28 8 55 20 17 61 14 2 0 3 38 -1

30 26 8 28 56 6 21 62 42 49 11 31 1 59 9 16 10 17 61 14 60 44 -1
50 43 61 17 10 8 55 16 1 11 15 -1
50 33 43 13 20 52 64 58 57 34 51 56 28 -1
48 69 38 54 65 39 32 37 67 27 25 41 -1
33 58 34 35 57 51 8 55 16 10 28 56 6 63 21 24 42 15 11 31 9 68 1 49 26 62 30 -1
55 16 1 26 8 28 56 51 34 45 36 -1
62 42 24 30 26 16 55 8 52 64 51 56 28 10 -1
7 46 53 40 47 6 56 8 28 10 55 16 1 26 49 -1
58 41 45 22 13 20 52 8 56 51 57 34 35 6 47 53 46 7 4 40 12 -1
17 60 61 44 14 2 0 50 23 29 69 3 48 66 19 36 22 13 20 52 55 16 -1
60 44 61 17 55 20 10 59 11 68 9 -1
14 60 44 17 9 68 1 16 26 8 51 64 -1
64 35 6 21 63 24 30 15 11 59 1 68 9 49 42 -1
2 50 17 43 20 52 55 10 8 51 64 35 6 63 24 42 15 30 -1
27 41 57 25 34 45 22 36 19 3 23 69 48 29 66 18 39 32 37 67 5 54 65 -1

68 59 11 31 9 1 26 62 42 15 49 -1
7 4 12 41 34 45 58 64 51 8 56 6 21 30 24 42 49 9 31 11 1 16 26 62 15 -1
56 6 21 63 30 42 15 62 49 9 -1
16 9 68 59 1 11 49 42 24 21 6 56 28 10 52 64 35 57 25 41 36 19 3 38 66 -1
14 60 44 61 43 13 20 52 64 35 57 51 56 6 63 30 26 8 28 -1
12 27 67 5 37 32 39 48 3 0 23 29 -1
46 40 7 4 25 57 58 41 36 38 18 66 29 69 19 54 5 65 39 48 3 23 2 0 50 13 22 33 43 -1
50 17 10 16 26 30 15 49 1 68 9 -1
14 44 17 9 1 31 11 68 59 10 52 64 58 33 50 0 3 38 69 -1
31 1 49 26 30 62 15 42 24 21 63 6 -1
69 3 48 29 66 38 22 33 43 17 20 52 8 26 1 49 9 -1
33 13 20 10 55 52 8 28 56 51 34 45 -1
10 52 8 26 30 62 24 63 6 56 28 -1
47 7 4 40 12 41 57 34 45 58 51 64 35 6 -1
66 38 36 22 33 43 61 17 9 68 59 11 1 31 -1

50 33 22 13 43 61 60 17 9 11 15 49 62 24 63 -1
51 56 6 35 34 58 33 22 45 36 19 65 5 67 -1
32 54 5 65 19 66 29 69 48 39 18 38 22 13 43 20 17 9 31 11 1 26 49 42 -1
44 61 60 17 55 16 10 28 56 6 63 24 30 42 15 11 49 62 21 -1
30 62 15 42 24 63 21 6 47 7 53 40 4 25 27 67 18 66 38 69 48 29 19 36 -1
25 27 67 37 5 54 66 48 39 32 18 38 69 23 50 0 2 14 44 17 -1
9 31 1 26 16 10 55 52 64 58 -1
41 35 64 52 55 20 13 43 17 50 0 2 14 -1
44 60 14 2 50 33 20 10 16 26 30 42 24 21 62 15 49 11 59 17 -1
63 21 62 24 42 15 30 26 8 28 56 51 41 58 45 22 19 54 32 65 5 67 27 12 25 -1
44 17 43 50 23 69 0 2 14 60 61 -1
16 55 52 64 58 35 51 34 45 41 12 40 53 -1
35 41 45 34 58 57 51 8 28 10 16 9 59 11 68 1 26 30 24 63 21 6 47 40 46 53 7 4 25 -1
10 55 20 33 13 50 2 23 69 38 3 0 -1
7 46 40 12 25 4 53 47 6 21 63 24 62 42 15 30 26 16 9 11 31 1 59 68 -1

61 60 44 14 2 50 43 17 59 9 68 11 1 26 62 15 30 24 63 -1
39 32 18 5 65 37 67 27 41 35 58 57 25 12 40 7 4 53 -1
30 15 49 62 21 6 35 41 12 40 46 7 53 4 25 27 67 37 32 18 39 -1
45 34 35 64 51 58 33 13 43 17 20 55 52 10 8 26 49 9 68 11 31 1 59 -1
14 44 17 60 61 43 50 13 33 58 45 22 38 36 19 65 37 18 39 32 5 54 66 69 29 23 0 2 -1
19 54 36 45 58 35 51 41 12 4 25 27 67 18 5 65 37 32 39 48 3 66 29 69 0 50 13 43 -1
48 29 66 3 69 19 65 18 5 37 32 39 -1
54 36 19 65 37 67 18 5 32 39 48 69 0 2 50 23 -1
58 64 35 41 12 4 53 47 7 40 46 -1
36 19 29 66 18 5 37 32 54 38 69 48 3 23 0 2 50 33 20 43 13 22 45 34 -1
11 15 30 21 62 49 9 68 1 16 10 20 43 13 50 33 22 38 3 69 48 39 32 18 66 19 54 36 41 -1
6 35 41 34 51 8 28 10 55 16 26 62 24 21 63 30 15 42 49 1 -1
39 48 66 38 69 3 0 2 14 60 44 61 43 13 22 33 58 41 57 51 34 45 36 -1
55 52 10 16 9 31 1 26 8 28 56 6 21 24 42 30 62 49 15 11 59 -1
60 14 44 61 17 55 16 10 8 28 56 51 41 57 25 34 35 6 63 21 24 -1

