54 51 52 122 29 36 80 81 1 11 26 40 50 13 92 126 48 2 114 78 3 15 12 100 14 -1
111 64 17 89 31 38 25 91 82 44 120 0 97 11 7 93 26 48 2 49 72 9 63 58 104 -1
95 40 7 11 1 118 27 29 80 66 14 100 96 78 114 2 79 0 101 88 91 -1
28 43 105 63 80 66 74 114 16 55 99 48 0 77 1 118 52 89 113 -1
107 3 78 114 2 11 7 0 77 67 118 52 51 54 31 89 59 104 58 63 80 81 -1
23 2 48 73 60 75 20 92 40 82 91 125 88 101 0 79 37 74 114 78 -1
66 80 36 24 87 61 53 23 2 48 126 92 50 116 93 88 39 31 51 52 122 29 9 -1
35 125 88 101 0 79 2 23 53 61 115 108 14 66 80 29 122 52 38 -1
22 30 39 46 11 2 114 78 100 14 106 102 24 5 58 105 43 90 113 89 52 122 94 -1
71 78 114 2 11 26 0 79 37 23 124 9 36 24 117 10 69 43 113 89 31 33 -1
22 125 88 101 26 126 32 60 55 16 114 78 3 100 14 53 23 2 11 46 39 30 8 -1
47 51 52 122 29 80 66 14 108 115 3 107 12 78 114 2 48 126 92 83 -1
58 105 43 98 90 113 89 52 118 1 11 26 126 32 75 20 50 116 120 101 88 39 46 -1
119 22 30 38 52 122 81 80 66 74 2 11 46 39 31 51 54 33 25 88 82 40 92 85 -1
101 0 79 2 114 78 12 3 115 106 102 24 86 109 -1
103 43 42 89 31 39 88 93 65 50 83 92 126 48 2 49 72 9 63 58 104 59 113 -1
8 30 38 52 122 29 9 66 14 100 12 107 56 84 87 24 36 80 81 67 46 39 25 41 21 -1
85 92 126 26 11 1 118 27 81 9 72 23 124 70 80 63 58 104 18 117 24 102 61 14 66 -1
29 80 63 9 66 14 100 12 3 115 106 102 24 5 58 105 42 17 89 31 39 88 125 -1
2 49 124 9 63 105 43 98 103 109 86 24 87 110 68 -1
103 43 105 63 80 66 49 2 48 73 45 60 32 19 92 126 26 0 79 37 23 53 61 102 -1
34 56 12 100 78 114 2 79 0 101 88 91 123 95 50 92 126 32 112 -1
56 12 78 114 2 48 97 37 23 53 14 106 102 24 5 29 81 67 11 26 126 32 60 -1
71 78 114 2 79 0 101 88 91 35 22 30 31 89 59 43 4 109 86 24 -1
50 92 126 73 48 2 49 124 9 5 24 86 109 43 113 89 31 39 88 121 25 38 52 118 46 -1
69 43 113 89 31 33 30 22 119 8 41 25 39 46 11 2 49 72 9 29 -1
47 54 30 8 41 33 39 46 11 2 114 78 12 68 84 87 24 5 29 94 -1
77 0 101 88 125 91 82 93 26 48 99 55 16 62 112 32 126 92 40 7 11 2 23 53 -1
50 40 82 88 39 31 89 17 64 4 10 86 24 102 61 53 23 2 48 73 6 -1
41 30 39 46 11 2 23 53 61 102 24 36 58 105 43 98 -1
101 88 39 31 89 42 28 43 105 63 80 66 14 100 71 78 114 2 48 126 92 83 13 -1
16 114 74 66 80 29 122 52 89 42 90 103 109 86 24 87 110 68 34 -1
84 87 61 53 23 2 79 0 101 88 91 82 93 7 11 97 37 74 114 78 3 68 110 -1
115 61 53 23 2 48 126 92 83 13 50 40 26 0 79 37 74 66 70 9 63 105 43 69 -1
34 68 84 87 24 36 29 94 81 67 11 0 101 65 50 20 75 32 126 26 93 88 121 -1
85 20 32 60 55 16 114 78 3 15 12 100 14 53 23 37 79 0 101 88 91 123 -1
69 43 105 63 9 124 49 2 48 73 45 32 126 26 11 1 27 122 -1
6 73 48 2 49 72 9 36 24 86 109 18 104 58 63 80 66 74 114 16 55 99 -1
20 92 126 48 2 23 53 61 87 110 68 12 78 114 74 37 79 11 46 39 25 41 -1
111 64 17 89 31 38 30 22 21 125 88 101 26 126 32 60 73 48 2 23 53 14 108 -1
6 73 48 79 11 1 118 52 89 42 28 43 105 63 80 66 74 114 16 55 60 75 -1
27 52 51 47 54 30 88 93 116 120 0 77 1 81 29 36 24 86 -1
20 92 40 82 88 39 31 89 42 43 69 109 86 24 5 29 94 81 67 11 7 65 50 83 -1
99 48 0 77 1 27 29 80 70 9 81 122 52 31 39 88 93 116 50 76 -1
68 3 115 61 14 100 96 78 114 74 66 80 63 105 42 17 43 104 58 36 24 87 84 56 34 -1
35 125 88 39 31 89 59 104 58 63 80 81 67 11 26 40 95 -1
69 43 105 63 80 66 74 114 16 55 99 48 2 49 124 9 36 24 117 10 4 111 64 98 113 -1
95 82 88 39 31 89 59 104 18 117 24 36 29 81 67 11 7 26 126 32 75 -1
100 78 114 2 11 77 1 27 29 5 24 87 110 68 34 -1
117 24 102 61 14 100 78 114 74 66 80 63 105 104 18 109 43 113 89 31 38 25 91 123 -1
112 16 114 74 66 80 63 105 43 69 103 90 113 89 52 38 30 57 -1
27 67 11 26 126 92 19 50 40 93 88 121 91 82 44 120 0 79 2 114 78 -1
123 91 88 39 31 89 59 104 105 63 80 66 14 100 12 78 114 2 48 126 92 76 -1
6 73 48 97 0 26 40 50 65 93 88 30 57 41 33 31 89 59 43 69 10 86 24 5 -1
106 61 53 23 2 48 73 60 75 32 6 55 16 114 74 66 80 5 24 102 108 115 3 15 -1
44 82 91 125 22 119 21 35 123 95 13 50 116 93 88 25 41 8 -1
34 56 12 78 114 2 11 46 39 30 8 41 25 88 101 26 48 99 -1
107 3 78 114 2 11 26 40 82 91 125 21 41 25 88 101 0 79 37 23 49 -1
49 2 79 0 101 88 91 35 123 95 40 26 48 97 37 23 53 61 87 84 68 12 100 14 72 -1
96 100 14 66 80 29 122 52 89 17 64 43 105 63 9 124 49 2 48 126 92 13 -1

54 51 52 122 29 36 80 66 49 2 48 126 92 13 76 20 32 60 55 16 114 78 3 15 -1
28 43 105 63 80 66 74 114 16 55 99 48 0 11 1 118 52 89 113 -1
103 43 113 89 31 39 88 82 65 50 83 92 126 48 2 114 78 3 107 -1
69 43 42 89 31 30 22 119 8 41 33 38 52 27 81 80 63 58 104 59 113 98 90 -1
54 51 89 59 104 58 63 9 72 66 80 29 81 1 11 0 48 99 55 16 114 2 -1
71 78 114 2 11 26 40 93 88 25 33 31 89 59 43 69 10 117 24 102 108 14 100 -1
14 66 80 63 105 42 113 89 52 118 1 11 2 114 78 71 -1
94 122 52 89 42 90 43 104 58 36 24 102 106 14 66 49 2 23 53 61 -1
71 78 114 2 79 0 101 88 91 35 123 95 40 26 48 97 37 23 -1
22 125 88 101 26 126 32 20 76 13 95 123 35 21 41 33 31 89 17 64 111 -1
115 61 14 66 80 81 27 52 38 39 46 11 2 114 78 3 56 34 68 12 100 96 71 -1
47 51 52 122 29 80 66 14 108 115 3 107 12 78 114 2 11 7 0 77 67 46 39 38 54 -1
95 40 26 11 2 114 16 62 112 6 73 48 97 37 23 53 61 102 24 117 10 4 64 -1
92 50 116 93 88 39 31 89 59 43 105 63 80 66 49 2 48 73 60 32 19 -1
85 92 126 26 11 1 118 27 81 80 66 14 100 96 78 114 2 79 0 101 88 91 -1
109 86 24 102 61 115 3 12 78 114 2 79 0 101 88 39 31 89 17 28 -1
111 64 17 89 52 118 1 77 0 120 93 82 65 7 11 67 46 39 31 -1
111 64 17 89 31 39 88 91 82 44 120 0 97 2 49 72 9 63 80 66 14 100 12 -1
75 20 76 13 95 123 125 88 101 26 126 32 112 62 16 114 74 66 80 63 58 104 -1
2 49 66 80 63 105 43 98 103 109 86 24 87 84 68 12 100 14 72 9 29 94 -1
22 30 39 46 11 2 114 78 100 14 53 23 37 79 0 101 88 125 91 25 38 52 118 1 77 -1
105 63 5 24 102 108 115 61 53 23 2 48 126 92 13 83 -1
103 43 105 63 9 72 49 2 48 73 45 60 55 16 114 23 53 61 102 -1
92 126 48 2 23 53 61 87 24 36 29 122 52 31 33 41 21 125 88 101 0 79 37 74 49 -1
8 30 38 52 122 29 9 66 14 100 12 107 3 78 114 2 11 26 40 82 91 125 21 -1
56 3 78 114 2 48 97 37 23 53 61 106 14 66 80 29 122 52 38 30 25 91 123 -1
116 93 88 39 31 51 52 118 1 11 26 126 92 85 20 32 60 55 16 114 78 3 15 -1
23 2 48 73 60 75 20 50 65 120 0 79 37 74 49 72 9 29 122 52 31 39 88 91 35 -1
73 48 2 49 72 9 5 24 86 109 43 113 89 31 39 88 121 25 38 52 118 46 -1
68 12 78 114 2 11 46 39 30 8 41 33 54 47 51 52 27 1 77 0 26 126 92 19 -1
42 105 63 36 24 87 61 14 66 80 29 122 52 89 17 59 104 58 5 9 72 74 114 78 96 -1
50 65 93 88 39 31 89 17 64 43 105 63 80 29 122 52 38 25 91 125 -1
5 24 87 84 68 12 78 114 2 79 0 101 88 91 25 39 31 89 113 43 109 -1
93 88 39 31 89 59 104 58 36 24 87 110 68 34 56 12 100 14 66 80 29 94 -1
18 104 58 63 80 66 9 29 122 52 38 30 22 119 8 41 25 39 46 11 2 49 72 -1
12 78 114 2 48 126 92 83 50 40 26 0 79 37 23 53 14 100 71 -1
6 73 48 2 49 72 9 5 24 86 109 18 104 105 63 80 66 74 114 16 55 99 -1
126 26 11 1 118 52 89 113 90 43 105 63 80 66 49 2 48 73 60 32 19 -1
69 43 105 63 9 72 49 2 48 73 45 32 126 26 11 67 27 122 52 89 42 90 103 -1
59 104 18 86 24 36 80 66 49 2 48 126 92 20 50 65 93 88 39 31 89 113 90 103 111 -1
6 73 48 79 11 1 118 52 89 113 98 43 104 58 36 24 102 61 53 23 2 97 0 120 93 -1
34 68 84 87 24 86 109 43 113 89 31 39 88 93 116 50 20 32 60 55 16 114 78 96 -1
14 100 3 15 12 78 114 2 79 0 101 88 91 123 125 121 25 38 31 89 59 -1
4 43 59 89 31 39 88 91 35 22 30 38 52 122 29 80 63 58 -1
19 32 60 73 48 2 23 53 61 102 24 5 80 81 1 46 11 7 65 116 93 88 39 38 47 -1
50 40 26 11 1 118 27 29 80 70 9 63 105 43 69 10 117 24 102 61 53 23 114 16 55 -1
20 32 60 55 16 114 78 3 68 110 84 87 61 53 23 2 97 48 126 92 50 -1
74 66 80 81 1 11 79 48 73 60 75 32 126 26 101 88 121 91 82 65 50 19 -1
34 68 84 87 24 86 109 103 43 105 63 9 72 23 37 2 11 7 26 126 32 75 -1
60 73 48 2 23 53 61 106 14 100 78 114 16 112 32 75 20 92 126 26 11 1 81 29 5 -1
101 0 11 1 27 94 29 80 66 49 2 48 73 60 32 45 55 16 114 78 100 14 108 -1
95 82 88 39 31 89 59 104 18 86 24 36 9 72 23 2 11 1 118 52 38 30 57 41 -1
112 16 114 74 66 80 63 105 43 69 103 90 113 89 31 39 88 101 -1
44 82 91 125 22 119 21 35 123 95 13 92 126 48 2 49 72 70 9 29 122 52 31 47 -1
41 33 31 52 122 29 36 24 87 110 68 12 78 114 2 79 0 101 7 11 97 37 23 72 70 -1
4 43 105 63 80 66 74 114 16 55 99 48 0 11 46 39 88 101 26 126 73 45 -1
76 92 126 48 2 114 78 12 3 115 106 14 66 80 29 122 52 38 30 22 119 8 57 -1
124 49 2 11 26 0 77 1 27 29 36 24 102 108 115 3 107 -1
34 68 84 87 24 36 63 105 42 17 89 52 118 1 11 97 48 73 6 112 -1
5 24 102 106 115 3 15 12 100 14 66 80 63 105 43 98 113 89 52 118 1 11 2 114 78 -1

50 92 126 73 48 2 49 66 80 5 24 86 109 43 113 89 31 39 88 121 25 38 52 118 46 -1
54 51 52 118 67 11 7 0 79 2 114 78 3 107 12 100 14 53 23 37 97 48 126 92 83 -1
116 120 7 11 67 118 52 51 89 42 105 63 9 81 1 46 39 30 8 -1
14 61 115 106 102 24 36 63 105 42 89 31 39 88 93 116 50 -1
14 66 80 63 105 42 113 89 31 39 88 82 116 50 83 -1
47 51 52 122 29 80 66 14 108 115 3 107 12 78 114 23 72 9 124 49 2 97 0 120 44 -1
35 91 88 101 0 79 37 23 2 48 73 60 75 20 50 95 123 125 121 25 38 31 89 17 -1
22 125 88 101 26 126 32 60 55 16 114 78 3 100 14 53 23 2 11 46 39 30 8 -1
13 50 40 26 11 1 27 29 36 80 66 9 63 105 104 18 69 43 59 89 31 39 88 82 95 -1
92 50 116 82 88 39 31 89 113 43 105 63 80 66 49 2 48 73 60 32 19 -1
85 92 126 26 11 1 118 67 81 80 66 14 100 96 78 114 2 79 0 101 88 91 -1
92 126 48 2 23 53 61 87 24 36 63 105 42 104 58 5 80 66 14 100 12 68 84 -1
69 43 59 89 31 30 22 119 8 41 33 39 46 1 81 80 63 58 5 29 122 52 51 54 -1
34 68 12 100 78 114 2 79 0 101 88 91 123 95 50 20 32 112 -1
115 61 14 66 80 29 122 52 38 39 46 11 2 114 78 12 68 34 -1
111 64 17 89 52 118 1 11 0 120 44 82 88 39 46 67 -1
106 102 24 36 63 105 43 90 98 17 89 52 118 1 11 2 48 99 55 16 -1
103 43 113 89 31 39 88 82 116 50 83 13 92 126 48 2 114 78 3 15 12 100 14 -1
72 9 63 58 105 43 98 103 109 86 24 87 84 68 12 78 114 2 11 46 39 30 8 -1
103 43 105 63 9 72 49 2 48 73 45 55 16 114 74 66 80 36 58 104 18 69 -1
71 78 114 2 11 26 0 79 37 23 124 9 5 24 117 10 69 43 59 89 31 33 -1
71 78 114 2 79 0 101 88 91 35 125 121 25 38 31 89 59 43 4 10 117 24 -1
28 43 105 63 80 66 74 114 16 55 99 48 0 11 1 118 52 89 113 90 -1
56 12 78 114 2 48 97 11 1 27 29 81 67 77 0 26 126 73 99 -1
111 64 17 89 31 39 88 91 82 93 26 11 2 23 53 61 87 84 110 -1
94 122 52 89 113 90 43 105 63 80 66 49 2 48 126 26 120 116 50 20 75 85 92 40 65 -1
54 51 52 122 29 36 58 104 59 89 31 33 41 21 -1
30 39 46 11 2 23 53 14 106 115 3 78 114 16 55 60 32 20 76 -1
62 16 114 2 79 0 101 88 125 91 25 39 46 11 77 1 81 80 66 14 100 -1
34 68 12 100 14 66 80 29 94 81 67 77 0 101 88 39 31 89 17 28 -1
93 88 39 31 89 59 104 58 63 80 81 9 66 74 2 79 0 120 44 82 91 -1
115 61 53 23 2 48 126 92 13 50 40 26 11 1 27 29 9 70 80 63 105 43 69 -1
41 30 39 46 11 2 23 53 61 102 24 36 63 105 43 98 -1
16 114 74 66 80 29 122 52 89 113 43 103 109 86 24 87 84 68 34 -1
50 65 93 88 39 31 89 17 64 4 43 105 63 80 66 74 114 16 55 -1
47 54 30 8 41 33 39 46 11 2 114 78 12 68 34 56 3 100 14 53 23 37 79 48 -1
6 73 48 2 49 72 9 5 24 86 109 43 113 89 31 39 88 101 116 50 20 -1
85 92 126 48 2 114 78 3 15 12 100 14 53 23 37 79 0 101 88 91 123 -1
62 16 114 23 53 61 102 24 117 10 69 43 59 89 31 39 88 101 120 -1
60 45 73 48 97 11 1 27 122 81 67 77 0 7 26 126 32 75 -1
71 100 14 66 80 63 105 42 113 90 103 111 64 17 89 31 33 41 21 125 88 101 26 126 32 -1
99 48 2 49 66 80 36 24 86 109 43 42 105 63 9 124 23 114 -1
59 43 109 86 24 5 80 81 67 27 29 9 72 49 2 11 46 39 30 22 119 -1
20 92 126 48 2 23 53 61 87 110 68 12 100 14 66 80 29 122 52 31 33 41 -1
19 32 60 73 48 2 23 53 61 102 24 36 29 122 52 31 33 41 21 -1
27 52 51 47 54 30 88 93 116 82 91 25 38 33 41 22 119 21 35 123 95 44 40 50 13 -1
6 73 48 2 49 72 9 63 58 104 59 89 31 39 88 91 35 123 95 50 92 126 32 112 62 -1
6 73 48 79 11 1 118 52 89 17 28 43 105 63 80 66 14 100 71 -1
63 80 66 49 2 97 0 120 93 26 11 1 27 29 122 118 67 81 9 72 14 61 53 23 37 -1
117 24 102 61 14 100 78 114 74 66 80 63 58 104 18 109 43 59 89 31 38 25 91 -1
112 16 114 74 66 80 63 105 43 69 18 104 59 89 31 39 88 93 -1
30 31 89 42 90 43 105 63 80 66 49 2 48 73 60 32 19 92 126 26 11 1 27 -1
66 49 2 11 7 93 88 39 31 89 59 104 18 117 24 36 9 72 23 37 79 0 77 -1
31 52 122 29 80 70 66 14 100 12 56 3 115 106 61 53 23 2 48 73 60 75 -1
5 80 66 14 100 12 15 3 115 106 102 24 36 63 105 43 98 17 89 52 118 1 11 79 -1
58 104 59 89 31 39 88 125 91 82 93 26 11 2 114 78 96 100 14 66 80 63 105 42 17 -1
101 0 79 2 23 53 61 87 110 68 12 78 114 74 37 97 -1
6 73 48 97 0 26 40 50 65 93 88 30 57 41 33 39 46 11 2 114 -1
76 92 40 82 88 39 31 47 51 52 118 1 11 7 0 79 2 49 72 70 -1
107 3 115 108 102 24 36 58 104 18 10 69 43 59 89 31 30 57 41 33 38 52 -1

105 63 5 24 102 106 115 61 14 66 80 29 122 52 38 39 46 11 2 114 78 3 56 34 -1
54 51 52 27 29 36 80 66 49 2 48 126 92 13 83 50 20 32 112 16 114 78 3 107 -1
56 3 78 114 2 48 79 0 26 126 73 6 32 20 92 40 93 88 39 31 89 42 43 109 -1
116 93 88 39 38 51 52 27 29 9 63 105 42 89 31 30 8 41 33 54 47 -1
119 22 30 38 52 27 81 80 63 58 104 43 98 90 103 109 86 24 5 29 94 -1
47 51 52 27 29 9 72 14 108 115 3 107 12 78 114 2 11 7 0 77 67 46 39 33 54 -1
118 67 11 7 40 95 82 88 39 31 89 59 104 58 63 80 29 27 52 51 54 33 25 41 57 -1
103 43 104 58 63 80 66 49 2 48 126 92 83 50 20 32 112 16 114 78 12 -1
92 126 48 2 49 66 53 61 87 24 36 29 27 52 38 30 22 21 41 33 31 89 17 64 111 -1
69 43 42 89 52 38 30 22 119 8 41 33 39 46 11 2 49 72 9 63 58 -1
92 50 116 93 88 39 31 89 42 43 104 58 63 80 66 49 2 48 126 32 19 75 60 45 -1
35 91 88 101 0 79 2 23 114 16 55 60 75 20 50 95 123 125 -1
103 43 104 58 63 80 66 49 2 48 73 45 55 16 114 23 72 9 36 24 117 10 69 -1
14 66 80 63 105 42 113 90 43 104 58 5 24 102 106 61 53 23 2 11 46 39 30 -1
2 49 66 80 63 105 43 98 103 109 86 24 87 84 68 -1
109 86 24 87 84 68 12 78 114 2 79 0 101 7 11 67 27 29 80 66 14 100 3 -1
44 120 0 97 48 26 93 7 11 2 23 53 61 102 24 5 58 105 43 98 17 89 52 118 -1
71 78 114 2 11 26 0 79 37 23 124 9 36 24 117 18 104 58 63 80 66 14 100 -1
111 64 17 89 52 118 67 77 0 120 93 82 40 7 11 1 27 29 80 63 58 104 18 -1
71 78 114 2 79 0 101 88 91 35 22 30 31 89 59 43 4 10 117 24 -1
50 92 126 73 48 2 49 66 80 5 24 86 109 43 113 89 52 38 25 121 88 39 46 -1
16 55 99 48 2 11 26 126 92 85 76 50 40 7 0 77 1 118 27 29 80 66 14 100 96 -1
34 56 12 100 78 114 2 79 0 101 88 91 123 95 50 92 126 32 112 -1
28 43 104 58 63 9 72 23 114 16 55 99 48 79 11 1 118 52 89 113 -1
111 64 17 89 31 38 25 91 82 44 93 88 125 22 119 21 35 123 95 13 -1
22 125 88 101 26 126 32 20 50 95 123 35 21 41 30 39 46 11 2 114 16 62 -1
75 32 126 26 120 7 11 46 39 88 93 116 101 0 77 67 27 29 5 24 86 -1
68 12 78 114 2 11 46 39 30 8 41 33 38 52 122 29 80 66 14 100 3 56 34 -1
5 24 87 84 68 12 78 114 2 79 0 101 88 91 82 93 7 11 97 37 74 66 80 81 -1
16 114 23 72 9 29 122 52 89 113 90 103 109 86 24 87 84 68 34 -1
125 88 101 0 79 2 114 78 96 100 14 66 74 37 97 11 7 93 82 91 -1
34 68 84 87 24 5 29 94 81 67 77 0 101 88 39 31 89 42 28 -1
83 92 126 26 11 1 118 52 89 113 42 105 63 80 66 49 2 48 73 60 32 20 -1
85 92 126 48 2 114 78 12 15 3 100 14 66 74 37 79 0 26 40 50 13 -1
77 0 101 88 125 91 25 39 31 89 59 104 58 63 80 66 49 2 48 73 6 -1
62 16 114 23 53 61 102 24 117 10 69 43 104 58 5 80 66 14 100 3 15 56 84 110 -1
65 50 20 75 60 55 16 114 23 53 14 106 115 3 12 56 84 87 24 5 58 104 43 17 -1
50 92 126 48 2 49 66 80 63 105 58 5 24 102 61 14 100 78 114 23 124 9 29 94 -1
126 26 11 1 118 52 89 42 90 43 105 63 80 66 49 2 48 73 60 32 19 -1
50 40 93 88 39 31 89 17 64 4 43 104 58 63 9 72 23 114 16 55 -1
115 61 53 23 2 48 126 92 13 50 40 26 0 79 37 74 66 70 80 29 27 52 31 -1
60 73 48 2 23 53 61 102 106 14 100 78 114 16 55 45 32 19 92 126 26 11 1 27 -1
99 48 2 49 72 9 5 24 86 109 43 113 89 31 38 25 91 -1
59 43 109 86 24 5 80 66 49 2 48 126 92 20 32 60 55 16 114 78 3 56 84 110 -1
71 100 14 66 80 63 105 42 113 90 103 111 4 109 43 59 89 31 38 25 91 123 -1
65 101 0 11 2 49 23 37 79 48 26 93 88 91 35 22 30 31 89 59 104 58 -1
68 3 115 61 53 23 37 79 0 101 88 39 31 89 59 104 18 -1
123 91 88 101 0 79 2 114 78 3 15 12 100 14 66 80 63 105 43 98 -1
95 82 88 39 31 89 59 104 18 117 24 36 29 27 67 46 11 0 48 99 55 -1
68 84 87 24 5 29 122 52 51 54 38 39 46 11 2 114 78 100 12 107 -1
112 16 114 23 72 9 63 58 104 43 69 10 117 24 36 80 70 66 14 100 12 56 3 71 96 -1
33 31 89 59 104 18 117 24 36 29 122 52 38 30 41 25 39 46 11 2 23 53 61 87 110 -1
122 27 1 11 26 48 73 45 32 126 92 50 65 93 88 39 46 67 77 0 79 2 114 16 112 -1
63 80 66 49 2 97 48 73 6 55 16 114 23 72 9 5 58 104 59 -1
81 80 66 53 61 14 72 49 2 79 0 101 88 91 25 38 52 122 29 5 24 87 110 -1
59 104 105 63 80 66 14 100 12 78 114 2 48 126 92 76 50 40 93 88 39 31 -1
96 100 14 66 80 63 105 43 17 42 104 58 5 24 87 84 68 34 56 3 78 114 2 48 -1
50 92 126 48 97 2 23 53 61 87 110 68 12 100 14 66 9 72 74 114 16 55 60 32 20 -1
33 38 52 122 81 67 11 26 126 32 75 20 50 65 93 88 121 91 82 40 92 19 -1
107 3 78 114 2 11 7 40 82 91 125 21 22 30 31 89 42 90 103 -1

92 40 116 93 88 39 38 51 52 122 29 9 63 105 42 89 31 30 8 41 33 54 47 -1
116 93 88 39 31 89 42 43 105 63 9 124 49 2 48 126 92 19 32 60 45 -1
14 66 80 63 105 42 113 90 98 43 104 58 36 9 124 49 2 48 99 55 16 -1
22 125 88 93 26 126 32 60 73 48 2 114 78 3 100 14 53 23 37 79 0 101 -1
71 78 114 2 79 0 26 40 93 88 39 31 52 122 29 9 66 14 100 3 107 -1
54 51 52 118 67 11 7 0 79 2 114 78 3 107 -1
119 22 30 38 52 27 81 80 63 58 36 9 72 14 61 102 24 5 29 -1
50 92 126 73 48 2 23 53 61 102 24 86 109 43 113 89 31 39 88 121 25 38 52 118 46 -1
103 43 113 89 31 39 88 82 65 50 83 92 40 7 11 2 114 78 3 107 -1
115 61 14 72 9 29 122 52 38 31 89 42 105 58 36 24 87 110 68 34 56 3 100 -1
95 40 7 11 2 114 16 62 112 32 126 26 101 88 125 91 82 93 120 0 48 73 60 75 -1
96 78 114 2 11 67 118 1 77 0 48 126 92 85 -1
109 86 24 102 61 14 100 12 78 114 2 79 0 101 88 39 31 89 42 28 -1
111 28 42 89 52 118 1 77 0 120 116 93 88 39 46 11 26 40 82 91 125 22 35 123 95 -1
35 125 88 101 0 79 37 23 2 48 73 60 75 20 50 65 7 11 1 81 80 66 49 -1
47 51 52 122 29 9 72 14 108 115 3 107 56 68 110 87 24 36 -1
106 14 66 80 63 105 43 90 42 104 58 36 29 94 81 9 5 24 87 110 68 -1
69 43 42 89 52 38 30 22 119 21 125 91 82 44 120 0 97 2 49 72 9 63 -1
71 78 114 2 79 0 101 88 91 35 22 30 31 89 42 43 4 109 86 24 36 9 72 49 -1
54 51 52 122 29 36 80 66 49 2 48 126 92 13 83 50 40 7 11 79 37 74 114 78 12 -1
54 51 89 42 105 58 63 80 66 49 2 48 73 6 55 16 114 23 72 9 36 24 86 109 -1
56 3 78 114 2 48 79 37 23 53 14 106 102 24 5 29 122 52 38 30 31 89 42 90 -1
28 43 105 63 9 72 23 114 16 55 99 48 2 49 66 80 36 24 86 109 69 -1
92 126 48 2 23 53 61 87 24 36 58 105 42 17 89 52 38 39 88 125 -1
103 43 105 63 9 124 49 2 48 73 45 55 16 114 23 72 66 80 36 24 86 109 69 -1
93 88 39 31 89 42 104 58 63 80 29 27 52 51 47 38 25 91 82 65 7 11 77 -1
50 40 82 88 39 31 89 113 43 64 4 10 86 24 102 61 53 23 114 16 62 -1
16 114 74 66 80 29 122 52 89 113 90 103 109 86 24 87 110 68 34 -1
5 24 87 84 68 12 78 114 2 79 0 101 88 91 82 93 7 11 97 37 74 66 80 81 -1
115 61 14 66 49 2 48 126 92 13 50 40 7 11 79 37 74 114 78 12 15 -1
18 104 105 63 80 66 9 29 122 52 38 30 22 119 21 125 91 82 40 50 13 -1
34 68 110 87 24 36 29 94 81 1 11 0 101 88 39 46 67 77 -1
41 30 39 46 11 2 23 53 61 102 24 36 63 105 43 98 -1
85 92 126 48 2 114 78 12 15 3 115 61 14 66 74 37 79 0 26 40 95 123 -1
89 52 27 81 67 46 39 33 30 88 93 7 11 1 118 122 29 5 24 117 -1
68 84 87 24 36 63 105 43 98 42 104 58 5 80 66 14 61 115 3 15 12 78 114 16 62 -1
68 12 78 114 2 11 46 39 30 8 41 33 38 52 122 29 80 66 14 100 3 56 34 -1
126 26 11 1 118 52 89 42 90 43 105 63 80 66 74 114 16 55 60 32 19 -1
80 63 105 42 17 43 104 58 36 24 102 61 115 3 12 100 14 106 87 84 56 15 107 -1
20 32 60 73 48 2 49 66 14 106 87 110 84 68 3 78 114 74 72 9 63 105 42 59 -1
123 95 40 92 126 32 112 16 114 23 72 9 63 105 43 69 109 86 24 36 80 70 -1
20 92 126 48 2 49 72 9 36 24 86 109 43 59 89 31 39 88 91 123 -1
96 78 114 2 79 0 101 88 91 25 38 52 122 29 36 24 87 110 -1
20 50 65 82 88 39 31 89 113 42 105 63 80 66 14 100 71 -1
111 28 42 89 52 38 30 22 21 41 25 39 46 1 27 29 36 24 86 10 4 43 104 58 5 -1
19 32 60 73 48 2 23 53 61 102 24 36 29 122 52 38 30 22 21 41 25 39 46 11 -1
23 53 61 115 108 14 72 49 2 79 0 101 88 39 31 89 59 104 18 -1
99 48 2 49 72 9 29 80 70 124 23 37 79 11 46 39 31 52 118 67 77 0 120 93 82 -1
100 78 114 2 79 0 101 88 91 123 125 22 30 33 31 52 122 29 80 66 14 108 115 3 107 -1
6 73 48 79 11 1 118 52 89 42 98 43 105 63 9 124 23 114 16 55 45 -1
122 27 1 11 79 48 73 45 32 126 92 50 65 120 0 97 2 114 16 55 99 -1
117 10 69 43 113 89 31 30 57 41 33 39 46 11 2 114 74 37 79 0 120 44 40 50 13 -1
100 78 114 2 11 77 1 27 122 52 89 42 28 43 105 63 36 24 102 61 115 3 71 96 -1
95 82 88 39 31 89 59 104 18 117 24 36 29 81 1 11 7 0 79 2 49 124 70 -1
117 24 102 108 14 100 78 114 23 72 9 29 94 81 80 63 105 43 109 -1
35 125 88 39 31 89 42 105 58 63 80 81 1 11 7 40 95 82 91 25 30 57 -1
68 84 87 24 36 29 122 52 51 54 30 25 88 82 95 13 92 126 48 2 49 72 70 -1
27 1 11 26 126 92 19 50 116 93 88 121 91 82 65 120 0 48 73 60 75 -1
76 92 126 48 2 114 78 12 100 14 66 80 63 105 104 59 113 43 103 111 -1
76 92 40 82 88 39 31 52 118 1 11 0 48 73 60 75 32 112 16 114 23 53 14 106 -1

107 3 78 114 2 11 7 0 77 67 118 52 31 54 51 89 59 104 58 36 -1
103 43 105 63 80 66 74 114 16 55 45 60 32 19 92 126 48 2 23 53 61 102 -1
22 125 88 101 26 126 32 60 55 16 114 78 3 100 14 72 9 29 122 81 80 66 53 61 115 -1
94 122 52 89 113 90 103 18 117 24 102 106 14 66 74 2 11 46 39 30 25 91 123 -1
56 12 78 114 2 48 79 0 26 126 73 6 32 20 92 40 93 88 39 31 89 42 43 109 -1
71 78 114 2 79 0 101 88 91 35 123 95 50 92 126 48 97 37 23 53 61 115 -1
119 22 30 38 52 122 81 29 36 58 104 43 98 42 105 63 80 66 74 2 48 99 55 16 -1
75 32 126 26 101 88 125 22 30 31 52 118 67 77 1 46 39 38 51 89 113 90 98 -1
111 103 90 113 89 52 38 25 91 82 44 120 0 97 2 74 66 80 63 9 124 23 114 78 12 -1
95 40 7 11 2 114 16 62 112 32 126 48 97 37 23 53 61 102 24 86 10 -1
72 9 63 58 36 80 66 74 2 48 73 6 32 126 26 0 97 11 7 93 -1
28 43 105 63 80 66 74 114 16 55 99 48 97 11 1 118 52 89 113 -1
105 63 80 66 53 61 115 106 14 72 9 29 122 52 38 39 46 11 2 114 78 12 56 34 -1
96 78 114 2 11 1 118 67 77 0 26 126 32 75 85 -1
103 43 105 63 9 124 23 2 48 126 92 83 50 40 7 0 79 37 74 114 78 3 107 -1
51 52 122 29 9 72 23 37 79 0 101 88 125 22 8 30 54 47 -1
23 114 16 55 60 75 32 126 26 101 65 7 11 2 49 66 80 81 27 52 38 30 22 21 -1
13 92 126 48 2 74 66 80 36 24 87 108 14 72 9 63 105 42 104 58 5 -1
34 56 12 100 14 66 80 63 105 42 89 31 39 88 101 7 11 67 81 29 5 24 86 10 4 -1
116 101 88 39 31 51 52 118 1 11 26 126 32 75 85 92 40 7 0 79 2 114 78 12 15 -1
47 51 52 122 29 80 66 14 108 115 3 107 12 100 78 114 2 79 0 101 88 91 123 -1
71 78 114 2 11 26 0 79 37 23 124 66 14 106 102 24 117 18 103 90 113 89 31 33 -1
50 92 126 73 48 2 74 66 80 36 24 86 10 4 43 42 89 31 39 88 121 -1
116 93 88 39 31 89 113 43 4 10 117 24 102 108 14 100 78 114 2 11 77 -1
69 43 42 89 52 38 30 22 119 21 125 88 101 0 79 2 23 72 9 63 58 104 59 -1
50 40 7 101 88 39 31 89 42 43 64 4 -1
69 43 105 63 80 66 74 114 16 55 45 32 126 26 11 1 81 122 118 67 77 -1
17 89 31 39 88 125 123 95 40 26 126 32 112 62 16 114 74 66 80 63 58 104 -1
75 32 126 26 120 0 11 46 39 88 121 91 82 65 50 19 13 95 123 125 22 30 38 52 27 -1
15 12 78 114 2 48 126 92 13 50 65 120 0 79 37 23 53 61 115 3 68 -1
13 83 92 126 48 2 114 78 12 100 14 66 80 63 105 42 17 -1
34 56 12 100 14 66 80 29 94 122 118 46 11 2 114 78 3 68 -1
68 12 100 14 66 80 63 105 43 98 42 104 58 36 24 102 61 53 23 2 11 46 39 30 41 -1
84 87 61 53 23 2 79 0 101 88 91 25 39 46 11 97 37 74 114 78 96 -1
83 50 40 82 88 39 31 89 113 42 105 63 9 124 23 2 48 126 92 20 -1
93 88 39 31 89 59 104 105 63 80 81 27 52 51 47 54 30 22 125 91 82 116 -1
68 12 78 114 2 11 46 39 30 8 22 125 88 101 0 79 37 23 53 14 100 3 -1
5 24 87 84 110 68 12 78 114 2 48 126 92 20 50 40 82 88 39 31 89 42 43 109 86 -1
101 88 39 31 89 42 28 43 105 63 80 66 74 114 78 71 100 14 53 23 2 48 126 92 83 -1
33 39 88 82 40 44 95 123 125 22 119 8 30 38 52 118 46 11 26 126 92 13 -1
34 68 84 87 24 86 109 43 105 63 80 66 74 2 48 99 55 16 114 23 124 70 -1
50 40 7 11 1 118 27 29 9 124 23 2 79 0 77 67 81 80 66 14 100 12 56 34 -1
14 100 12 15 3 78 114 2 79 0 101 88 91 123 125 121 25 39 31 89 59 43 109 86 -1
34 68 84 87 24 86 109 103 43 113 89 31 30 22 21 -1
4 43 113 89 31 39 88 91 35 22 30 38 52 122 29 80 63 58 5 24 102 106 -1
111 103 43 113 89 31 30 22 21 125 88 39 46 67 81 80 36 9 72 23 37 -1
68 84 87 24 36 29 122 52 51 54 30 25 88 82 95 13 92 126 48 2 23 72 70 -1
101 0 11 67 81 94 29 5 24 86 109 4 43 105 63 80 66 74 114 16 55 -1
60 55 16 114 23 53 14 106 102 24 5 80 66 74 2 48 79 11 67 77 0 120 93 82 -1
95 82 88 39 31 89 113 90 103 18 104 105 63 80 81 67 11 7 0 77 1 118 52 51 47 -1
112 16 114 74 66 80 63 105 43 69 109 86 24 36 9 70 72 23 2 11 1 118 52 31 -1
76 92 126 48 2 114 78 12 100 14 53 23 37 79 0 26 40 50 20 32 112 60 75 19 13 -1
5 24 87 84 56 15 12 100 14 66 80 63 105 43 98 113 89 52 118 1 11 79 -1
5 80 66 74 114 16 55 60 75 32 126 48 2 23 53 14 106 -1
76 50 40 93 88 39 31 52 118 1 77 0 48 73 60 55 16 114 78 12 68 110 -1
34 56 3 78 114 2 11 46 39 30 8 41 33 31 89 42 105 58 5 24 87 110 -1
33 38 52 122 81 67 46 39 25 88 101 0 79 2 49 23 37 97 11 7 65 95 123 35 -1
101 0 79 2 23 53 61 87 110 68 12 78 114 74 37 97 11 1 118 52 89 42 43 64 -1
34 68 110 87 24 5 63 105 42 17 89 52 118 1 11 2 114 78 96 -1
68 12 78 114 2 79 0 101 88 91 25 38 52 122 29 5 24 87 110 -1

92 126 48 2 23 53 61 87 24 5 63 105 42 104 58 36 9 72 74 114 78 100 14 106 115 -1
71 78 114 2 11 26 40 93 88 30 33 31 89 59 104 18 117 10 69 43 -1
71 78 114 2 11 26 93 88 91 35 22 30 31 89 42 105 63 9 72 23 -1
94 122 52 89 113 90 42 105 58 5 24 87 106 61 53 23 2 11 26 93 88 30 22 35 123 -1
69 43 59 89 31 30 22 119 8 41 33 38 52 27 81 9 63 58 105 42 98 90 -1
111 64 17 89 52 118 67 77 0 120 116 82 93 7 11 2 114 78 3 107 -1
115 61 14 72 9 81 27 52 38 31 89 42 105 58 36 24 87 110 68 34 56 12 100 -1
101 7 11 1 81 9 72 14 100 12 68 110 87 24 86 109 -1
111 64 17 89 31 30 88 91 82 44 120 0 97 11 7 93 26 48 2 23 72 9 29 36 63 -1
22 30 88 93 26 126 32 112 16 114 78 3 100 14 72 9 81 67 11 7 101 -1
103 43 113 89 31 39 88 82 65 50 83 92 40 7 11 2 114 78 3 107 12 100 14 72 9 -1
116 120 7 11 67 118 52 51 89 42 105 63 9 72 14 108 -1
85 20 50 116 120 7 11 67 118 1 77 0 79 2 114 78 96 -1
23 2 48 126 32 75 20 50 95 123 125 88 30 31 89 17 43 105 63 80 9 72 14 108 -1
2 23 72 9 63 105 43 98 103 109 86 24 87 110 68 12 100 14 66 80 81 94 -1
92 50 116 82 88 39 31 89 42 43 105 63 9 72 23 2 48 126 32 19 -1
95 40 7 11 2 114 16 62 112 32 126 26 93 88 125 -1
54 31 52 27 29 36 80 66 9 63 105 104 18 69 43 59 89 51 38 30 88 125 123 95 -1
28 43 105 63 9 72 23 114 16 55 99 48 26 93 88 39 31 89 113 -1
54 51 89 59 104 58 63 9 72 23 2 48 73 6 55 16 114 74 66 80 36 24 86 109 -1
56 12 78 114 2 48 79 11 1 81 80 36 24 87 110 68 -1
103 43 105 63 9 72 23 114 16 55 45 60 32 19 92 126 48 2 49 66 14 108 102 -1
50 92 126 73 48 2 114 78 3 100 14 72 9 81 27 52 38 30 8 41 33 31 47 -1
54 51 52 118 67 46 39 31 30 88 93 7 11 2 37 74 114 16 55 99 48 26 40 95 123 -1
47 51 52 27 81 80 66 14 108 115 3 107 56 68 110 87 24 36 -1
13 92 126 48 2 23 72 9 36 80 81 1 11 7 93 88 125 21 22 30 31 89 17 64 111 -1
75 32 126 26 120 7 11 46 39 88 121 25 38 51 89 59 43 109 86 -1
50 116 82 88 39 31 89 17 64 4 109 86 24 5 9 72 49 2 11 7 65 40 92 20 75 -1
5 24 87 84 68 12 78 114 2 11 7 93 82 91 88 101 0 97 37 74 66 80 81 -1
34 68 110 87 24 5 80 81 94 27 67 11 0 101 88 39 31 89 113 43 28 -1
125 88 101 0 79 2 114 78 100 14 66 80 81 122 118 67 11 26 48 99 55 16 -1
115 61 53 23 2 48 126 92 13 50 40 7 11 1 81 9 72 14 100 3 15 -1
77 0 101 88 125 22 30 31 89 59 104 58 63 80 81 67 11 26 40 95 123 35 8 57 -1
85 92 126 48 2 114 78 3 15 12 100 14 66 80 81 67 46 39 88 125 123 -1
69 43 105 63 9 72 23 114 16 55 45 32 126 26 11 67 118 122 52 89 113 90 103 -1
13 83 50 40 7 11 67 81 94 29 9 72 49 2 48 126 32 -1
62 16 114 23 53 61 87 24 117 10 4 64 17 89 31 39 88 91 35 -1
41 30 38 52 27 81 9 72 14 61 53 66 80 63 105 43 98 -1
68 3 78 114 2 79 0 101 88 125 22 8 30 54 38 25 39 46 11 7 40 50 13 -1
122 81 80 66 53 61 115 108 14 72 49 2 79 0 101 88 39 46 118 27 29 36 24 102 -1
123 95 50 92 126 32 112 16 114 23 72 9 63 105 43 69 18 104 58 36 80 70 -1
34 68 110 87 24 86 109 43 105 63 80 66 49 2 48 99 55 16 114 23 72 9 29 -1
34 68 110 87 24 86 109 103 43 105 63 80 66 74 37 97 0 26 40 50 76 -1
12 100 14 66 80 63 105 42 17 89 52 118 1 11 2 114 78 96 -1
20 92 126 48 2 49 72 14 108 87 110 68 3 78 114 74 37 79 0 101 88 30 41 -1
6 73 48 79 11 1 118 52 38 30 57 41 25 88 101 0 97 2 114 -1
20 92 40 82 88 39 31 89 113 42 105 63 9 72 14 100 71 -1
96 78 114 2 79 0 101 88 91 82 93 7 11 97 37 23 53 61 87 110 84 -1
27 67 11 0 48 73 60 32 19 50 116 82 88 121 25 39 46 1 81 80 66 14 100 78 -1
60 73 48 2 23 53 14 106 115 3 56 68 110 87 24 36 80 70 9 29 27 52 31 -1
72 49 2 11 46 39 30 22 119 8 35 91 82 44 40 93 88 125 21 -1
100 78 114 2 11 77 67 81 80 5 24 87 110 68 34 -1
1 118 52 89 42 90 43 105 63 9 72 49 2 48 73 60 32 19 13 95 123 125 22 -1
47 38 39 88 93 116 120 0 11 67 81 80 63 58 5 9 66 14 100 96 -1
117 24 87 61 14 100 78 114 2 11 46 39 38 54 51 52 27 81 1 77 0 48 73 60 75 -1
32 126 26 101 88 125 21 22 30 31 89 113 90 103 43 105 63 80 81 1 11 0 48 73 45 -1
106 115 3 12 78 114 2 48 126 92 76 50 40 82 88 39 31 52 27 81 80 66 14 100 96 -1
5 80 66 49 2 48 73 60 32 126 26 11 1 27 29 36 24 117 18 104 58 63 9 124 -1
111 64 43 113 59 104 105 63 80 66 14 100 12 78 114 2 11 26 40 50 13 -1
106 14 53 23 2 48 73 60 75 20 50 95 123 35 21 22 30 31 89 42 43 109 -1

105 63 80 66 14 106 115 61 87 24 36 29 122 52 38 39 46 11 2 114 78 3 56 34 -1
47 31 52 27 81 9 72 14 108 115 3 78 114 2 49 66 80 63 105 43 98 90 -1
92 40 116 120 0 79 2 49 72 9 63 105 43 -1
111 4 43 105 63 9 72 49 2 79 0 120 116 82 93 7 11 67 118 52 31 54 -1
92 40 116 120 0 79 2 49 72 14 61 87 24 36 63 105 42 89 52 122 29 80 66 74 114 -1
23 114 16 112 32 75 20 50 95 123 125 88 101 0 77 1 81 80 63 105 43 90 -1
34 56 3 100 78 114 16 112 32 20 50 95 123 -1
35 123 95 50 20 32 112 16 114 23 72 14 61 115 -1
116 120 0 11 67 118 52 51 89 42 105 63 9 81 1 46 39 30 8 -1
50 20 32 6 73 48 2 49 66 80 5 24 86 109 43 113 89 31 39 88 121 -1
107 3 78 114 2 48 126 92 83 50 65 82 88 39 31 89 113 43 103 -1
96 78 114 2 11 1 118 46 39 88 93 116 50 20 85 -1
103 43 113 89 31 39 88 82 65 50 92 126 73 45 60 55 16 114 23 53 61 102 -1
71 78 114 16 112 32 20 50 95 123 35 91 82 93 7 11 2 49 72 9 63 105 43 4 -1
54 31 52 122 29 36 80 66 49 2 79 0 120 116 40 92 13 19 32 112 16 114 78 3 15 -1
106 87 24 36 63 105 43 90 113 89 52 27 94 29 80 66 14 100 3 56 34 -1
109 86 24 5 80 66 14 100 12 78 114 2 79 0 101 -1
69 43 42 89 31 30 22 119 21 125 88 39 46 1 81 80 63 58 104 59 90 98 -1
72 9 63 58 104 59 89 31 54 30 8 41 25 39 46 118 52 51 47 38 33 -1
22 30 39 46 11 2 114 78 100 14 66 80 81 1 77 0 101 88 125 -1
111 4 43 105 63 9 72 49 2 11 7 93 82 91 123 95 50 20 32 112 16 114 74 -1
56 3 78 114 2 48 0 77 1 81 80 63 58 104 59 89 31 39 88 82 116 50 20 32 6 -1
16 55 99 48 2 11 7 40 92 126 73 45 32 20 50 65 82 88 39 31 89 59 43 69 -1
44 120 0 97 2 49 72 9 63 80 66 14 100 12 78 114 74 37 79 48 126 92 83 13 -1
71 78 114 2 11 26 40 82 88 25 33 31 89 59 104 18 117 24 87 106 14 100 3 107 -1
22 125 91 82 40 92 126 32 20 50 95 123 35 21 41 30 31 89 42 43 4 111 103 90 113 -1
107 3 78 114 2 11 7 40 50 20 75 32 126 48 0 120 93 88 39 31 89 42 43 4 10 -1
28 43 113 89 31 39 88 82 40 92 126 73 99 55 16 114 74 49 2 11 7 65 50 20 75 -1
17 89 31 39 88 125 91 82 40 92 126 32 112 62 16 114 23 53 61 102 24 86 10 -1
68 3 115 108 14 66 80 63 105 43 98 103 69 10 86 24 102 61 -1
101 0 79 2 114 78 3 100 14 66 80 29 122 52 38 30 8 -1
5 24 87 84 68 12 78 114 2 11 7 93 82 91 123 95 44 120 101 88 125 21 119 -1
93 88 39 31 89 59 104 58 63 80 81 27 29 9 72 49 2 114 16 112 32 19 -1
4 10 117 24 5 58 104 59 89 31 39 88 125 35 91 82 93 120 0 48 2 49 66 14 106 -1
80 63 105 42 17 89 31 39 88 101 0 79 2 114 78 12 56 3 100 14 66 70 -1
50 40 93 88 39 31 89 113 43 64 4 10 117 24 5 9 72 74 114 16 55 -1
18 104 58 63 80 66 49 2 11 7 0 77 1 81 29 36 24 87 106 115 3 56 34 -1
68 3 78 114 2 11 46 39 30 8 41 33 38 52 122 29 80 66 14 100 12 56 34 -1
41 30 39 46 11 2 23 53 61 14 66 80 81 9 72 74 37 79 0 120 93 88 25 38 51 -1
30 38 52 122 29 80 66 14 106 61 53 23 2 48 73 60 32 19 -1
101 88 39 31 89 17 28 43 105 63 9 72 14 100 71 -1
19 92 40 93 88 39 31 89 59 43 105 63 80 81 67 11 26 48 2 23 124 9 5 24 117 -1
94 29 5 24 87 84 68 12 78 114 2 79 48 73 6 32 126 92 50 116 120 0 97 -1
115 61 14 66 49 2 48 126 92 13 19 32 112 16 114 74 72 70 80 63 105 43 69 -1
85 20 32 112 16 114 78 3 15 12 100 14 66 80 81 27 118 122 29 9 72 49 2 48 99 -1
122 52 89 42 43 103 18 86 24 102 61 115 3 56 34 -1
71 100 14 66 80 63 105 42 113 89 52 118 1 77 0 48 73 60 32 20 -1
19 32 60 73 48 2 23 53 61 102 24 36 80 81 1 46 39 88 121 125 123 95 50 20 75 -1
34 56 3 115 61 102 24 86 109 43 113 89 31 39 88 101 0 48 99 -1
42 105 58 5 80 66 14 100 12 15 3 78 114 2 79 0 101 88 91 123 -1
62 16 114 2 11 79 37 23 72 70 80 81 67 77 0 7 101 88 39 38 47 -1
96 78 114 2 79 0 101 88 91 125 22 30 31 89 59 104 58 5 24 87 110 -1
59 43 109 86 24 5 80 81 67 11 2 114 78 3 107 12 100 14 66 9 -1
20 92 126 48 2 23 53 61 87 110 68 12 78 114 74 37 97 0 120 93 -1
72 49 2 11 46 39 30 22 119 21 125 123 95 13 92 40 116 101 88 25 41 8 -1
95 82 88 39 31 89 59 104 18 117 24 36 9 124 23 2 11 1 118 -1
68 110 87 24 5 29 122 52 51 54 38 39 46 11 2 114 78 100 -1
101 0 11 1 27 94 29 5 24 86 109 43 42 89 51 38 30 22 119 -1
122 118 46 11 0 48 73 45 55 16 114 23 124 9 63 58 104 -1
31 52 118 1 11 2 37 74 66 80 63 105 43 103 -1

96 78 114 2 11 67 118 1 77 0 26 40 92 85 -1
72 9 5 58 36 29 81 27 52 38 30 8 119 22 41 33 31 89 42 43 69 -1
22 30 38 52 118 1 11 2 114 78 100 14 66 9 81 67 77 0 101 88 125 -1
54 38 52 118 67 11 7 0 79 2 114 78 3 107 12 100 14 66 74 37 97 48 126 92 83 -1
29 9 63 80 66 74 37 97 0 7 40 44 82 91 25 38 52 89 17 28 111 -1
51 52 27 29 9 66 14 100 3 107 12 78 114 2 11 7 40 82 91 25 33 -1
2 11 1 118 52 89 113 98 43 104 58 36 29 81 67 46 39 38 54 30 8 41 33 31 47 -1
23 114 16 112 32 75 20 50 65 101 88 125 91 25 38 52 89 17 -1
28 17 89 52 38 25 91 82 40 7 0 48 99 55 -1
103 43 105 63 80 66 74 114 16 55 45 73 48 2 49 72 9 36 58 104 18 69 -1
95 40 7 11 2 114 16 62 112 32 20 50 65 101 88 125 91 25 38 31 89 42 105 58 -1
92 126 48 2 74 66 14 61 87 24 36 29 81 67 11 26 40 50 13 -1
14 61 115 106 87 24 36 58 105 63 80 66 74 114 78 100 12 56 34 68 110 84 -1
94 122 52 89 113 90 43 105 58 36 24 87 106 14 66 74 2 11 46 39 30 88 125 123 -1
71 78 114 2 11 26 0 77 67 81 29 36 24 87 61 14 66 124 9 63 58 104 18 117 -1
92 50 116 93 88 39 31 89 42 43 105 63 9 72 49 2 48 73 45 32 19 -1
101 0 79 2 114 78 12 3 115 106 87 24 86 109 43 42 89 52 27 67 11 97 48 73 6 -1
115 61 14 66 80 29 27 52 38 39 46 11 2 114 78 12 56 34 -1
56 12 78 114 2 48 97 37 74 66 14 100 3 68 34 -1
22 125 88 101 0 48 73 45 32 112 16 114 78 3 100 14 66 9 29 122 52 89 113 43 103 -1
71 78 114 2 11 26 40 82 91 35 125 88 101 0 79 37 23 74 66 14 61 115 -1
103 43 105 63 80 66 49 2 48 126 92 83 50 116 101 88 39 31 89 113 -1
90 98 43 104 58 36 24 87 110 68 12 100 14 66 80 29 94 -1
16 55 99 48 2 49 72 14 108 102 24 36 29 81 67 118 52 31 47 38 39 46 1 27 94 -1
116 93 88 39 31 51 52 118 67 11 2 74 114 16 55 45 32 20 92 40 82 91 125 21 -1
85 92 40 26 11 2 114 78 12 15 3 115 61 14 66 74 37 79 48 126 32 20 50 13 83 -1
41 30 38 52 27 81 80 66 14 61 87 24 36 58 104 43 98 -1
4 109 86 24 5 80 66 14 61 87 84 68 12 78 114 2 79 0 101 88 91 -1
88 39 31 89 42 43 4 10 86 24 102 61 53 23 114 16 62 -1
101 88 39 31 89 17 28 43 104 58 63 80 66 74 114 78 71 -1
93 88 39 31 89 42 104 105 63 80 66 74 114 16 62 -1
55 99 48 0 11 1 118 52 89 113 42 105 63 80 66 74 114 16 112 32 20 -1
60 45 73 48 0 101 65 7 11 2 49 72 9 81 67 46 39 88 125 21 -1
121 88 39 31 89 42 43 109 86 24 5 80 66 74 2 48 126 92 20 -1
126 26 11 67 118 52 89 113 90 43 105 63 80 81 1 77 0 48 73 60 32 19 -1
68 3 78 114 2 11 46 39 30 8 41 33 38 52 27 29 80 66 14 100 12 56 34 -1
34 68 110 87 24 36 29 94 81 67 11 0 101 26 48 2 49 72 70 9 63 105 43 69 -1
50 40 93 88 39 31 89 17 64 4 109 86 24 5 80 66 74 2 79 0 101 116 82 91 35 -1
34 68 110 87 24 36 63 105 43 103 28 17 89 52 118 67 11 2 37 79 0 101 88 39 31 -1
59 43 109 86 24 5 80 66 74 114 16 112 32 20 50 95 123 -1
6 73 48 2 49 72 9 63 58 105 42 89 31 39 88 91 35 -1
19 32 60 73 48 2 23 53 61 102 24 36 29 81 67 46 39 88 125 21 -1
43 105 63 80 66 49 2 48 99 55 16 114 74 72 14 61 102 24 86 109 -1
96 78 114 2 79 0 101 88 91 25 38 52 27 29 5 24 87 110 -1
34 68 84 87 24 86 109 43 105 63 80 29 94 81 67 11 26 126 32 -1
122 29 80 66 14 61 115 3 96 78 114 2 11 1 118 52 89 17 -1
12 100 14 66 80 63 105 42 17 89 31 33 41 30 38 52 27 29 36 24 87 110 -1
111 28 17 89 31 39 88 125 21 35 91 82 93 7 11 67 81 80 63 105 43 103 -1
100 78 114 2 79 0 101 88 91 123 95 40 26 11 97 37 74 66 14 61 115 3 15 -1
20 32 45 55 16 114 78 12 68 110 87 106 14 66 49 2 97 0 101 93 7 11 67 81 29 -1
71 100 14 66 80 63 105 42 113 43 103 111 28 17 89 52 118 1 77 -1
50 40 7 11 1 118 27 81 9 72 23 124 66 80 63 105 104 18 -1
95 123 91 25 38 31 89 59 104 18 117 24 36 80 81 67 46 11 0 120 116 -1
33 31 89 59 104 18 117 24 87 61 14 100 78 114 74 66 80 63 105 43 109 4 64 98 -1
112 16 114 74 66 80 63 105 43 69 103 64 17 89 31 39 88 93 7 11 2 23 53 61 -1
47 38 39 88 93 116 120 0 11 67 81 80 63 58 5 9 66 14 100 96 -1
68 110 87 24 36 29 27 52 31 54 33 25 88 82 95 13 92 126 48 2 49 72 70 -1
60 73 48 2 23 53 61 106 14 100 78 114 16 55 6 32 75 -1
27 67 11 26 126 92 19 50 65 93 88 121 91 82 40 7 0 79 2 114 78 100 14 108 -1
5 80 66 14 100 12 15 3 115 61 87 24 36 63 105 43 98 17 89 52 118 1 11 79 -1

22 125 88 93 26 11 2 114 78 3 115 106 102 24 117 18 103 90 113 89 52 122 94 -1
3 78 114 2 11 26 126 32 19 92 40 93 88 125 22 35 123 95 -1
111 28 17 89 52 38 25 91 82 44 120 0 97 2 49 124 9 63 5 29 80 70 72 -1
14 106 115 3 78 114 2 11 26 93 88 25 38 52 122 29 5 24 87 110 68 34 56 12 100 -1
54 38 52 27 29 36 9 81 1 11 26 40 92 13 -1
23 114 16 112 32 75 19 92 40 95 123 125 88 93 26 11 77 1 27 52 89 113 90 98 -1
28 17 89 52 38 25 91 82 44 120 0 97 2 114 16 55 -1
119 8 30 38 52 27 81 29 36 58 104 59 89 31 54 33 39 46 67 11 7 -1
103 18 117 24 102 106 115 3 78 114 2 11 26 126 73 45 -1
47 31 52 27 81 9 72 14 108 115 3 78 114 2 23 124 70 80 5 24 117 18 103 98 -1
14 106 102 24 117 18 103 98 113 89 52 27 1 11 26 40 92 83 -1
72 9 5 58 104 59 113 98 103 18 117 24 87 110 68 3 78 114 2 11 46 39 30 8 -1
116 93 88 39 38 51 52 27 29 9 72 14 108 115 3 107 12 78 114 2 11 26 40 92 83 -1
35 123 95 40 26 11 2 23 72 9 81 1 118 27 29 80 66 14 100 96 -1
92 40 26 11 2 23 72 14 106 87 24 5 58 104 42 -1
109 86 24 87 110 68 12 78 114 2 11 26 101 120 44 82 91 25 38 52 89 17 28 -1
116 93 88 39 38 52 89 42 43 105 63 9 124 23 114 16 112 32 19 75 60 45 -1
71 78 114 2 11 26 93 88 125 35 22 30 31 89 17 64 4 109 86 24 5 9 124 49 -1
50 40 26 126 73 48 2 49 124 9 5 24 86 109 4 64 17 89 52 38 25 121 88 39 46 -1
56 3 78 114 2 48 79 11 46 39 38 52 122 29 5 24 87 110 68 -1
16 55 99 48 2 49 72 14 61 87 24 5 29 122 52 31 30 41 -1
85 92 40 26 11 1 118 46 39 88 125 123 95 50 19 32 126 48 2 49 124 9 63 105 -1
69 43 59 89 31 30 8 119 21 41 33 38 52 27 81 9 72 23 114 16 55 6 -1
107 3 78 114 2 11 7 40 92 19 75 32 126 26 93 65 -1
66 9 36 24 87 61 14 72 70 80 63 5 29 27 1 11 2 114 78 12 15 56 84 110 -1
105 63 9 72 14 108 115 3 78 114 2 11 26 40 92 13 83 -1
34 68 110 87 24 5 29 94 122 52 38 25 88 101 26 11 2 114 78 3 -1
6 55 16 114 23 124 9 5 24 86 109 4 64 17 89 31 39 46 11 2 48 99 -1
93 88 30 31 89 42 104 58 36 9 72 23 114 16 62 112 32 19 50 95 123 125 -1
69 43 105 63 9 124 23 114 16 112 45 73 126 26 93 88 39 38 52 122 -1
18 117 24 5 80 66 72 23 2 11 7 93 88 39 46 67 77 -1
47 31 30 8 41 25 39 46 11 2 114 78 3 68 34 56 12 100 14 106 87 24 117 18 103 -1
84 87 24 5 29 27 52 38 25 91 82 44 120 26 11 2 74 72 9 81 80 66 14 61 -1
88 39 31 89 17 43 4 10 86 24 102 61 53 23 114 16 62 112 32 126 26 11 -1
126 26 11 1 118 52 89 113 90 103 18 117 24 36 29 27 67 46 39 30 -1
85 92 126 48 2 114 78 12 15 3 115 61 14 72 9 81 1 11 26 40 95 13 -1
55 16 114 2 11 1 27 52 89 113 59 104 58 5 29 122 118 46 39 88 93 40 92 20 -1
75 32 126 26 120 0 11 46 39 88 93 116 82 91 25 38 47 31 30 8 35 123 95 65 7 -1
20 50 40 93 88 39 31 89 17 64 4 109 86 24 87 110 68 34 56 12 78 114 2 11 77 -1
48 0 7 40 93 88 39 33 31 89 59 104 18 117 10 69 43 -1
114 2 37 23 124 9 81 27 52 31 30 88 82 116 50 76 -1
6 55 16 114 23 72 9 5 58 104 59 89 31 30 8 35 91 25 38 52 27 29 80 63 -1
6 55 99 48 79 11 26 126 92 19 32 112 62 16 114 78 3 15 -1
65 7 11 2 49 72 9 29 27 52 31 30 41 21 125 91 25 38 51 89 17 28 111 -1
100 14 72 9 63 105 58 36 24 5 80 66 49 2 97 0 120 93 -1
71 78 114 2 11 46 39 31 89 113 98 28 111 4 18 117 24 5 29 27 1 77 -1
59 43 109 86 24 5 29 81 67 11 26 93 82 88 39 31 89 17 28 103 18 -1
19 32 112 16 114 23 53 61 102 24 86 18 103 43 42 89 31 39 88 93 26 126 73 60 -1
43 17 89 31 39 46 11 26 48 99 55 16 114 23 72 9 63 5 24 86 -1
61 87 24 117 18 103 98 113 89 52 118 27 81 80 63 105 43 17 -1
96 78 114 2 11 26 101 88 91 25 38 52 27 29 5 24 117 -1
100 78 114 2 11 77 1 27 122 52 38 39 88 93 26 126 73 60 -1
123 95 40 26 11 2 114 78 3 15 56 84 87 24 117 18 103 98 -1
36 29 27 52 31 30 8 21 125 88 93 26 126 32 112 16 114 23 124 9 5 -1
68 3 78 114 2 11 46 39 30 54 38 25 88 82 95 13 92 126 48 97 37 23 72 70 -1
60 112 16 114 78 100 14 106 102 24 5 29 27 1 11 26 126 32 75 19 50 40 93 88 121 -1
76 92 126 48 2 114 78 12 68 110 87 24 86 109 43 59 89 31 30 8 35 123 91 25 33 -1
107 12 100 14 72 9 36 24 117 10 18 104 58 5 29 27 52 51 38 39 88 93 40 92 85 -1
84 68 3 78 114 2 97 48 126 32 6 73 60 75 19 50 40 26 0 -1
44 82 91 25 41 21 119 8 30 39 46 11 26 126 92 13 19 32 112 16 114 78 12 -1

