2 97 48 126 26 11 77 0 101 88 93 44 95 123 125 91 82 40 92 13 19 -1
11 1 118 46 67 81 80 29 36 24 87 110 68 56 -1
56 15 107 3 71 100 96 78 114 23 37 74 66 124 49 2 11 46 1 27 122 118 67 -1
26 101 88 25 38 54 51 52 31 39 30 41 8 35 125 121 91 82 116 50 76 92 83 -1
48 79 97 2 74 72 124 49 23 114 78 3 115 106 61 102 87 108 14 53 66 -1
47 51 52 31 89 17 42 90 103 111 69 43 64 98 28 -1
90 98 28 17 89 42 113 43 105 58 104 18 86 10 4 109 103 -1
14 106 61 53 66 9 5 29 81 94 122 118 1 27 67 11 79 -1
78 3 107 12 15 56 68 84 87 108 102 61 106 115 -1
17 64 103 28 111 69 109 43 104 18 117 86 24 102 108 115 106 87 110 84 68 -1
95 13 83 50 65 40 92 20 32 19 75 85 76 -1
68 12 78 100 3 115 106 61 108 87 24 36 63 105 42 98 64 -1
10 109 4 69 18 104 59 90 103 43 28 98 113 89 31 51 38 54 -1
56 15 12 3 71 100 96 78 114 16 62 112 55 45 73 -1
98 28 111 4 103 64 17 59 113 90 43 105 -1
63 9 80 81 122 118 27 94 29 5 58 105 104 42 89 31 33 41 22 35 123 95 44 -1
59 104 18 103 69 111 64 4 10 109 43 17 89 51 54 47 38 39 46 -1
18 86 117 24 5 9 36 29 94 81 27 52 31 38 54 -1
86 24 5 80 70 72 14 66 53 61 102 87 84 110 68 56 15 107 3 78 12 100 -1
88 25 121 125 21 41 57 30 22 119 8 35 91 82 65 101 120 0 -1
12 68 84 110 87 24 102 106 108 61 53 14 100 -1
59 90 98 64 43 28 111 4 10 117 18 103 69 109 86 24 -1
84 110 87 24 36 63 58 105 42 43 28 103 4 109 -1
15 12 68 34 56 3 96 78 71 100 14 66 70 72 74 23 53 61 115 108 106 102 -1
48 0 77 67 46 39 33 30 25 91 123 125 21 8 -1
61 53 23 74 49 2 11 7 40 93 120 26 48 99 73 60 32 126 92 19 75 -1
53 66 14 72 74 114 16 112 6 73 60 75 32 45 55 -1
2 74 66 124 72 14 108 106 102 87 110 84 56 34 68 3 107 15 12 100 78 96 71 -1
13 50 83 76 85 20 92 40 7 65 95 44 120 93 101 88 -1
88 39 31 30 54 47 51 52 89 59 113 17 28 98 64 4 18 104 105 63 -1
105 104 59 113 98 90 42 43 17 64 111 69 109 103 4 10 117 86 24 5 63 80 -1
95 82 91 121 25 38 33 41 57 8 35 125 21 22 30 -1
89 52 51 31 39 38 30 8 35 21 125 121 91 123 95 40 65 93 116 101 120 -1
74 114 16 112 60 45 6 73 48 126 32 75 -1
65 44 82 88 101 7 0 26 126 32 6 45 60 75 85 19 50 13 83 76 20 92 40 -1
87 61 14 72 74 49 23 124 9 66 70 80 63 36 -1
32 20 19 85 92 83 76 50 40 95 44 116 65 93 7 0 26 48 73 99 55 -1
72 9 124 49 2 79 11 67 77 1 118 52 -1
3 56 15 107 12 68 110 84 87 102 61 53 23 72 66 49 124 9 29 94 27 118 -1
15 107 12 56 68 110 84 87 24 86 117 18 69 111 103 98 42 -1
66 9 5 58 36 80 81 67 46 1 11 77 0 7 26 -1
55 99 48 126 92 19 50 95 116 40 65 101 -1
10 4 109 103 18 86 24 5 63 36 9 124 70 66 80 81 -1
126 48 79 37 23 74 2 11 26 0 7 120 93 -1
67 46 11 97 48 2 23 53 61 87 102 24 36 29 -1
38 25 41 8 119 22 57 30 88 39 31 51 47 54 33 -1
100 78 96 71 3 115 106 108 14 72 49 23 2 97 37 79 48 126 92 76 -1
50 83 76 20 85 19 75 60 6 32 45 112 62 16 55 99 48 0 120 7 65 44 82 -1
109 103 28 43 104 105 42 59 90 113 98 17 -1
23 114 78 96 3 100 14 106 87 24 117 10 4 -1
7 40 93 26 48 99 73 6 112 60 45 32 20 -1
126 26 120 65 116 93 44 82 88 30 25 41 21 22 119 -1
6 45 112 16 55 60 32 126 48 97 37 79 0 7 -1
89 17 113 43 109 69 103 64 111 28 98 42 59 104 18 86 10 -1
51 47 54 33 31 39 25 38 30 57 21 22 119 8 35 123 95 44 40 7 101 120 116 -1
60 32 20 75 85 76 83 13 19 50 40 92 126 26 120 7 101 65 -1
102 106 115 108 87 24 5 9 124 72 14 61 53 23 74 -1
75 32 20 76 83 92 50 13 95 116 40 93 82 65 44 120 101 0 97 79 2 -1
6 32 112 62 16 55 45 60 75 19 85 20 92 40 116 65 93 88 -1
104 58 36 5 80 63 105 42 43 103 28 17 -1

42 17 90 113 43 105 58 63 5 80 70 124 23 53 14 108 87 -1
99 73 48 79 97 37 23 124 9 29 36 58 105 63 5 80 70 66 53 61 -1
62 112 55 45 73 48 97 37 74 114 2 23 53 61 87 84 56 12 68 3 -1
125 21 8 22 57 41 30 31 38 47 54 51 52 118 122 81 -1
27 122 118 52 38 30 25 41 22 35 123 125 91 121 88 93 -1
122 52 51 38 39 46 118 27 81 1 77 11 67 -1
67 46 118 27 94 29 81 1 77 0 101 88 91 123 35 8 119 22 57 21 41 25 30 -1
30 39 31 52 122 94 81 67 11 77 0 7 101 120 -1
116 101 7 120 26 126 92 50 76 85 19 13 83 -1
105 43 4 103 69 109 18 86 24 36 58 5 29 94 122 52 118 1 27 67 11 77 0 7 -1
13 95 50 92 20 75 85 19 32 45 6 55 99 48 97 79 37 23 114 2 49 -1
100 71 3 115 106 14 53 61 87 84 56 15 107 12 78 96 -1
108 115 61 102 87 110 68 34 56 107 3 96 71 78 12 100 14 106 -1
72 9 70 66 53 61 106 87 108 14 100 3 107 15 12 68 34 56 84 110 -1
43 90 59 113 89 42 104 58 36 5 63 80 70 9 124 49 72 -1
34 68 110 84 56 12 78 3 96 71 100 14 61 108 102 106 115 -1
21 41 30 33 38 31 89 17 43 104 58 105 63 36 29 -1
118 1 81 122 27 52 51 31 33 41 57 22 35 123 95 50 116 -1
54 33 30 88 93 82 95 123 91 121 125 21 8 22 41 25 38 -1
38 47 54 33 30 39 25 121 88 101 26 0 97 37 74 2 48 126 92 13 95 44 93 -1
118 67 46 11 79 37 2 48 0 101 116 65 40 95 44 82 -1
2 48 97 79 37 74 49 124 66 53 61 108 115 3 12 -1
36 58 63 9 80 66 70 72 23 124 49 2 37 97 79 48 26 93 -1
112 16 55 99 73 45 32 19 20 92 50 116 95 123 35 8 57 41 -1
58 5 36 80 29 122 94 27 81 1 77 11 0 101 88 125 91 -1
32 112 6 60 45 55 16 114 23 74 2 97 79 0 48 99 73 126 26 40 116 93 7 65 -1
22 119 21 35 123 91 25 121 125 88 93 120 26 0 11 1 27 52 122 29 81 80 36 -1
82 95 123 125 121 25 39 88 30 8 22 119 21 41 57 -1
25 39 46 118 52 27 122 94 29 81 80 70 66 49 124 72 9 63 36 5 24 -1
25 38 54 31 33 30 57 41 8 22 35 125 88 121 91 82 93 26 126 -1
2 49 74 114 16 112 60 55 99 73 45 32 6 -1
107 12 56 84 68 3 71 96 78 100 14 72 74 49 66 53 61 -1
33 38 30 88 25 91 125 123 95 116 120 7 -1
106 108 14 53 23 37 79 48 99 73 6 45 -1
106 115 108 61 102 87 110 68 84 56 107 15 12 100 78 114 74 66 72 124 -1
33 25 39 46 118 1 77 0 79 37 2 49 74 23 72 70 9 5 -1
96 100 3 78 114 23 37 79 2 11 7 26 40 92 -1
111 64 28 42 43 109 18 86 117 10 69 4 103 98 90 59 113 89 17 -1
110 87 102 108 14 100 12 15 107 56 3 68 34 -1
102 87 84 110 68 3 15 107 12 100 96 78 71 -1
83 76 85 92 20 32 112 55 6 73 126 48 97 79 0 7 65 50 40 -1
88 93 120 26 11 0 7 40 95 65 101 116 44 82 91 121 125 35 -1
111 69 109 86 18 117 24 36 29 5 80 63 -1
14 61 102 108 106 115 3 12 15 107 56 34 68 84 110 87 24 117 86 18 -1
100 96 71 3 56 84 87 102 24 86 117 10 4 111 64 43 17 89 59 113 90 103 -1
66 70 9 80 29 5 36 63 105 42 59 17 90 43 98 113 89 31 54 33 25 121 -1
16 114 2 48 99 73 6 112 60 75 19 20 92 40 50 95 123 91 25 121 88 -1
33 31 39 38 30 41 25 88 82 65 7 26 120 116 40 44 95 50 83 13 92 85 -1
50 76 13 95 116 44 40 93 82 88 25 30 39 38 52 89 59 42 -1
51 89 52 27 1 67 81 122 94 29 36 63 80 -1
97 37 79 0 101 93 82 40 92 83 76 19 32 45 6 -1
83 13 76 50 20 75 19 32 60 55 45 112 16 62 -1
10 117 86 24 87 106 14 100 12 107 15 56 34 68 110 84 -1
57 22 21 35 8 41 30 38 52 122 81 9 29 80 63 5 58 36 -1
5 24 102 106 14 53 23 49 124 72 66 70 80 81 94 -1
15 3 78 96 100 14 108 61 106 102 87 24 86 -1
110 87 24 102 108 14 100 12 107 56 34 68 84 -1
65 95 40 44 82 93 7 26 101 0 48 73 99 55 16 62 112 -1
67 46 1 118 122 27 29 80 70 72 124 23 114 2 -1
64 28 17 90 98 113 42 104 105 58 36 63 9 80 5 -1

114 74 49 72 23 53 61 115 106 14 108 102 87 24 117 86 -1
117 18 4 69 109 86 24 5 9 80 81 27 122 94 29 36 -1
104 18 109 10 69 111 4 43 103 28 98 90 59 113 17 64 -1
53 23 114 78 71 100 14 72 49 74 2 37 79 11 67 1 46 -1
79 2 114 78 100 96 71 3 68 56 84 87 110 -1
76 83 13 19 75 85 20 92 50 116 44 82 -1
1 77 11 46 39 38 33 25 91 82 116 50 92 -1
117 86 18 69 43 4 109 103 90 17 64 111 28 98 -1
90 59 113 89 52 27 81 9 29 5 58 36 63 105 43 42 28 103 109 86 117 -1
4 64 111 69 109 86 18 104 42 89 17 28 43 113 59 90 98 103 -1
63 9 29 27 94 122 81 67 11 26 40 92 126 73 60 -1
121 88 101 26 48 2 49 72 23 53 66 124 70 80 36 9 29 94 81 -1
95 123 91 82 65 101 0 26 40 92 83 76 13 19 32 -1
92 76 13 95 123 125 121 88 93 44 116 120 0 101 65 7 40 26 126 32 112 60 73 -1
24 86 10 69 111 28 103 64 4 18 109 43 105 58 36 -1
17 113 89 52 122 81 94 29 36 58 5 63 9 80 70 124 23 -1
41 57 21 8 30 38 31 54 47 51 52 118 46 67 77 0 48 79 37 23 49 -1
34 56 107 3 115 108 102 24 117 86 109 18 104 43 113 98 17 59 90 42 28 103 -1
30 38 39 31 33 54 47 51 89 113 43 98 90 42 59 104 18 -1
36 63 5 9 81 122 27 1 118 46 11 7 26 0 101 93 65 120 44 -1
44 116 95 82 88 91 125 121 25 33 54 30 57 -1
85 75 19 20 76 92 50 13 95 44 120 26 48 126 73 45 6 55 -1
126 73 60 75 20 92 85 19 13 95 65 40 82 91 121 88 39 25 33 38 52 89 51 -1
75 32 60 73 99 55 112 16 114 2 11 46 1 77 67 27 122 94 -1
113 17 28 111 4 69 18 117 10 109 103 64 43 98 42 105 -1
119 8 21 35 91 25 88 101 93 26 120 44 95 50 13 92 76 85 75 19 20 32 -1
32 112 62 16 55 6 45 73 126 48 0 77 67 11 1 46 118 27 29 36 5 58 -1
21 125 22 119 8 35 123 91 82 93 44 116 40 50 83 13 76 19 20 85 92 126 -1
126 26 0 77 11 1 81 122 27 94 29 80 70 66 72 14 108 87 102 -1
91 125 22 35 8 41 30 25 38 54 51 52 27 122 118 46 1 -1
15 3 78 96 71 100 14 106 108 115 61 53 23 37 2 74 72 66 124 9 63 -1
15 12 107 56 34 68 84 87 108 115 61 14 66 70 72 23 37 2 114 16 -1
62 16 112 45 73 126 32 6 55 99 48 79 -1
70 124 49 66 9 29 80 63 58 105 42 104 18 10 117 24 36 5 -1
27 81 80 36 24 117 18 103 90 59 42 28 98 17 113 43 64 4 109 86 10 -1
26 11 46 118 27 67 1 77 0 101 120 7 65 44 40 116 95 123 91 35 125 21 22 119 -1
72 74 66 49 2 11 0 79 48 126 73 6 45 32 75 85 92 76 19 13 95 -1
101 116 93 40 82 91 121 88 125 21 22 57 8 41 33 31 89 42 59 104 43 90 -1
111 64 98 103 90 113 59 17 28 42 104 43 4 -1
71 96 78 3 107 56 15 12 100 14 53 66 124 70 9 63 58 5 80 -1
38 52 31 47 54 33 41 25 91 35 125 121 88 39 46 67 11 -1
81 94 29 122 52 51 47 54 30 8 57 21 35 91 123 95 116 93 82 88 -1
23 2 37 97 79 11 26 40 93 65 7 101 120 116 44 82 91 121 88 30 -1
37 79 48 73 6 60 32 112 55 16 114 74 49 124 23 -1
82 93 88 101 116 40 50 76 13 19 92 85 75 32 126 26 0 79 37 2 48 97 11 -1
36 63 9 66 72 70 80 81 27 118 52 31 54 30 39 88 25 41 33 -1
96 78 100 3 56 15 12 68 110 84 87 106 108 115 61 53 14 66 74 114 16 -1
3 96 71 100 14 106 87 61 115 108 102 24 36 5 9 81 122 118 1 67 46 39 33 54 -1
95 123 125 35 21 22 8 30 39 38 51 47 54 33 25 121 91 88 101 -1
42 105 104 59 113 89 51 52 27 67 118 46 1 77 0 101 116 40 93 -1
84 87 106 102 61 115 3 56 68 12 15 107 -1
15 56 107 12 3 96 100 71 78 114 23 2 49 72 124 66 14 53 61 115 108 106 87 102 -1
95 40 7 120 116 101 0 77 67 81 80 36 29 5 9 -1
98 17 64 4 111 28 42 113 59 43 105 58 63 9 5 24 87 61 14 72 23 2 114 -1
66 70 80 29 81 67 46 1 77 0 26 48 73 99 55 60 75 19 85 20 50 -1
17 113 98 43 64 4 103 69 10 86 117 18 109 -1
100 14 106 108 102 24 5 63 80 66 53 23 114 16 62 112 -1
117 10 109 69 103 4 18 86 24 87 110 84 56 15 107 12 3 78 71 96 100 14 -1
63 9 29 122 81 94 27 52 118 46 11 67 1 77 0 7 65 44 40 26 101 116 95 13 -1
14 66 74 49 2 79 97 11 67 77 1 81 -1

92 76 13 83 50 20 19 85 75 60 73 45 55 16 114 74 37 -1
55 99 48 26 126 92 85 20 50 76 13 95 65 82 88 91 35 22 119 8 21 125 123 -1
82 93 44 40 26 120 65 116 95 123 35 22 57 8 119 21 125 121 91 88 30 33 38 -1
115 3 107 12 15 56 34 68 110 84 87 108 14 -1
85 76 92 83 13 50 95 123 35 21 119 8 30 33 39 46 118 27 122 -1
3 12 100 78 114 74 23 2 11 97 79 0 77 67 -1
21 119 22 57 41 33 30 88 91 125 123 95 116 101 7 120 -1
107 12 100 78 71 3 68 34 56 84 110 87 24 5 29 -1
23 124 70 80 66 14 108 106 115 61 87 24 117 -1
76 19 13 83 92 40 26 7 65 101 120 0 11 97 37 2 79 -1
74 37 2 114 23 49 124 70 80 9 63 105 42 59 17 43 -1
122 81 94 29 80 63 58 5 24 102 87 108 61 53 66 72 49 124 9 -1
88 93 65 95 40 44 120 26 11 1 46 39 33 25 30 41 22 119 21 8 35 -1
27 81 67 77 0 120 44 65 82 95 123 125 35 8 22 41 33 38 47 54 -1
70 124 66 72 23 49 2 79 97 11 7 40 116 120 44 95 -1
124 49 2 79 37 74 114 23 72 14 61 87 84 110 68 12 78 3 -1
56 34 68 110 87 102 24 117 18 103 90 113 -1
6 112 16 55 99 48 26 11 46 67 77 0 120 101 7 93 65 40 82 95 13 50 76 -1
41 57 30 38 52 31 54 51 89 17 43 59 90 103 98 113 42 28 111 -1
105 104 42 28 43 4 18 86 24 87 102 106 61 14 66 74 72 124 -1
108 14 61 87 102 106 115 3 100 96 71 78 114 2 97 0 26 126 48 99 55 60 6 112 -1
38 30 54 31 33 41 8 22 21 125 35 91 121 25 39 46 1 67 77 0 97 37 -1
21 119 8 35 125 91 123 95 40 93 7 0 101 65 44 82 116 120 26 126 73 45 -1
90 59 89 51 52 27 122 81 67 118 46 1 77 0 -1
62 16 112 45 32 60 75 20 85 76 50 116 82 44 -1
73 48 99 55 112 45 6 60 75 85 76 20 92 40 65 101 -1
12 68 56 15 107 3 100 78 114 2 49 66 70 124 72 74 37 23 53 14 106 108 -1
92 50 40 26 126 73 99 55 112 32 6 45 -1
111 103 109 10 4 64 43 69 18 104 58 5 63 9 36 24 117 86 -1
87 106 115 3 71 100 96 78 12 15 107 56 34 68 110 84 -1
18 10 4 69 111 28 64 98 42 104 59 17 113 43 103 90 -1
26 120 101 7 11 97 2 114 74 66 53 14 72 124 9 -1
10 109 18 69 4 111 64 98 42 104 59 90 113 89 51 38 47 31 39 88 -1
8 119 22 41 25 30 57 21 35 91 88 125 121 -1
13 50 19 85 76 83 92 20 75 32 126 26 120 44 93 116 -1
38 51 54 47 31 89 59 42 17 98 64 4 -1
8 22 57 41 21 35 125 121 88 39 38 47 51 54 30 25 33 31 52 27 94 29 5 36 -1
14 66 74 72 49 124 23 53 61 106 115 108 87 84 68 56 107 3 12 78 71 -1
3 107 15 12 68 110 84 87 106 102 24 36 5 58 104 -1
93 120 7 101 88 82 44 40 26 0 48 73 60 32 20 75 19 92 76 -1
53 23 37 79 97 2 74 114 78 3 71 96 100 14 61 -1
36 9 124 23 37 2 74 72 66 80 5 58 105 43 17 89 113 59 42 98 90 103 69 18 -1
117 18 104 59 89 51 47 54 31 39 46 67 1 77 0 120 -1
65 101 120 93 40 92 19 32 45 73 6 112 16 114 78 96 100 14 53 23 37 97 -1
51 52 31 30 22 21 8 57 41 33 39 46 1 27 118 -1
119 21 57 30 41 25 91 88 93 26 48 97 -1
87 84 56 3 78 71 96 100 14 72 9 80 36 58 63 5 24 117 18 -1
109 86 18 117 10 69 4 64 103 98 43 105 58 104 59 113 90 -1
111 4 69 18 109 103 28 17 113 59 42 98 43 90 -1
74 23 72 14 66 9 124 70 80 63 36 29 81 27 67 46 39 31 89 113 -1
21 125 35 123 91 82 65 50 83 92 126 73 48 0 11 46 118 27 -1
51 52 89 17 113 98 64 43 69 18 86 109 10 4 111 28 103 90 59 42 105 63 5 80 -1
21 8 35 22 57 41 33 54 30 88 121 25 39 31 -1
122 94 27 29 81 1 67 77 0 120 93 44 65 95 40 26 126 48 -1
75 60 6 73 99 48 97 11 7 26 120 116 40 50 95 44 65 82 91 123 -1
82 88 125 123 35 8 22 119 21 57 41 25 33 38 -1
68 12 15 107 3 115 106 87 61 102 108 14 72 49 2 23 124 -1
52 122 94 29 9 66 124 23 2 48 73 60 6 55 99 -1
53 14 72 9 63 58 104 18 109 10 69 111 28 42 -1
47 31 89 113 42 43 105 63 36 5 58 104 18 86 109 69 111 64 103 4 10 117 -1

120 7 101 88 25 39 38 47 54 51 52 122 29 81 80 66 14 106 102 -1
3 115 108 102 106 61 53 66 72 9 70 124 23 49 2 74 37 97 79 48 -1
2 97 0 7 65 101 88 39 30 31 47 38 25 33 -1
29 94 122 27 118 52 89 31 33 54 47 38 51 -1
36 58 105 104 59 17 64 98 42 90 113 89 31 52 122 29 94 27 -1
125 91 121 25 38 54 33 31 51 52 89 42 98 113 43 69 -1
100 96 3 78 114 74 37 97 48 26 0 77 67 118 1 27 94 81 -1
121 91 125 22 21 35 123 95 13 92 20 76 50 19 85 75 60 73 -1
126 32 75 60 73 45 55 112 62 16 114 23 2 97 37 74 72 66 9 -1
42 17 98 90 59 113 89 51 54 31 47 38 39 33 25 41 8 119 -1
34 56 15 3 71 78 96 100 12 68 110 87 106 115 108 61 14 -1
71 96 100 3 68 34 56 12 78 114 2 37 74 72 66 70 124 49 23 -1
68 34 56 84 87 102 106 14 100 96 78 71 3 107 15 12 -1
79 97 2 23 37 74 66 124 9 29 122 27 52 51 54 33 41 22 119 8 -1
29 5 63 105 58 36 24 86 10 69 43 113 89 51 31 33 25 121 -1
51 54 31 39 30 8 119 21 41 57 22 35 125 121 25 88 -1
91 25 38 33 39 46 11 0 48 73 45 32 19 75 60 6 112 16 62 -1
72 66 53 61 14 108 106 115 3 12 100 71 78 96 -1
79 97 48 99 55 6 112 45 60 73 126 32 19 92 83 13 50 40 -1
125 35 22 21 119 8 41 57 30 38 52 51 31 54 33 39 88 91 121 25 -1
98 17 42 59 43 4 69 10 86 18 117 24 87 84 68 -1
26 11 79 97 0 7 40 95 50 92 83 76 20 85 -1
121 125 88 93 7 65 44 40 116 82 91 35 123 95 13 92 83 50 76 85 -1
63 80 9 29 81 122 118 1 67 27 52 89 -1
45 55 60 75 20 92 83 76 85 19 50 95 65 40 44 82 93 -1
4 109 43 98 90 42 104 58 63 9 81 29 80 36 -1
116 120 101 0 77 67 81 27 94 29 122 118 52 31 39 -1
109 4 64 103 98 90 42 17 28 111 69 18 10 86 24 36 5 -1
39 38 25 30 88 121 125 123 91 35 8 57 21 22 119 -1
32 75 20 50 83 76 92 40 44 82 93 88 -1
126 73 99 48 97 79 0 26 93 7 120 116 40 82 44 65 95 123 35 8 30 41 -1
114 74 23 49 124 70 80 29 27 94 81 9 63 5 36 58 105 -1
45 55 99 48 97 79 11 46 1 81 122 118 52 27 67 77 0 26 40 50 83 76 13 -1
110 84 87 102 61 108 14 106 115 3 15 107 56 68 34 -1
56 15 107 12 68 84 110 87 108 61 53 23 37 97 2 79 48 126 26 93 116 120 65 50 -1
85 19 92 126 73 48 26 40 65 101 93 7 11 1 118 122 29 27 52 38 -1
109 10 69 111 103 28 64 43 105 104 18 117 86 24 87 102 106 14 108 61 -1
39 46 118 122 81 1 27 94 29 80 63 58 104 43 90 103 18 10 86 24 -1
66 9 70 124 49 74 2 37 23 114 16 112 60 45 32 75 20 -1
14 100 96 78 3 15 56 107 12 68 110 87 106 108 102 61 115 -1
103 64 28 98 113 42 43 17 90 59 104 18 10 86 117 24 36 5 58 63 80 29 94 122 -1
63 36 58 5 24 86 117 18 69 103 98 64 111 28 42 105 104 43 113 17 59 89 51 -1
76 92 83 50 40 82 44 120 0 97 2 49 -1
35 21 22 57 41 33 31 54 38 25 91 123 95 82 116 40 44 65 101 7 120 93 88 121 -1
65 93 88 125 21 41 57 22 119 8 30 39 46 1 -1
81 94 122 118 46 39 88 125 123 91 25 121 -1
22 41 8 119 21 125 123 35 91 121 25 88 39 46 67 11 1 81 9 5 36 24 102 -1
102 87 61 108 115 3 12 100 78 114 74 49 72 14 66 53 23 124 -1
121 25 38 47 31 39 88 82 116 40 26 48 73 99 -1
103 109 86 117 24 102 106 115 61 53 14 108 87 84 110 68 3 96 71 -1
91 121 88 25 38 51 47 54 33 41 8 22 -1
93 7 101 116 65 95 13 83 92 126 32 6 60 45 55 16 62 112 -1
109 18 4 43 17 59 89 113 42 90 98 28 103 -1
123 35 91 121 88 39 31 38 51 52 122 94 81 80 70 72 9 66 124 23 114 -1
86 10 117 24 36 80 81 122 27 94 29 9 66 -1
67 81 94 122 29 27 52 118 1 46 11 77 0 48 99 55 16 62 112 6 -1
126 92 83 76 85 20 75 60 112 32 45 55 6 73 -1
60 6 112 62 16 55 45 73 99 48 2 97 11 67 118 27 81 94 29 9 80 66 53 -1
3 96 71 78 114 23 37 74 72 9 29 80 63 58 36 24 117 18 104 42 17 89 51 -1
37 74 114 2 11 7 93 88 125 121 91 82 -1

51 89 31 30 22 57 21 119 8 35 123 95 13 83 76 85 19 20 32 75 -1
47 51 52 122 29 36 63 5 9 70 66 14 72 23 37 2 79 -1
0 101 93 65 120 26 7 40 82 88 121 125 35 8 57 21 119 22 30 39 46 -1
68 3 100 14 61 115 106 108 87 84 56 107 15 12 78 71 96 -1
90 98 113 17 28 111 4 109 43 105 104 59 89 52 118 -1
61 106 87 24 102 108 115 3 78 96 71 100 -1
94 27 1 77 67 11 79 97 2 74 37 23 114 16 112 60 75 85 92 40 26 -1
40 95 123 91 82 65 116 44 93 120 0 48 73 6 55 16 62 112 60 32 20 -1
16 55 112 32 6 73 99 48 126 92 13 83 50 65 40 116 95 82 -1
108 115 3 12 68 34 56 84 110 87 106 102 24 5 -1
55 99 73 6 60 112 62 16 114 78 96 3 56 34 68 12 100 14 66 80 -1
116 93 65 44 120 7 0 26 40 95 50 13 -1
116 95 82 40 50 19 92 20 75 32 112 55 -1
54 38 51 31 52 118 122 27 94 81 29 5 80 70 124 23 114 74 49 72 14 100 -1
12 68 56 84 87 24 102 106 115 108 14 66 72 49 74 23 124 70 9 -1
112 55 60 6 32 20 85 76 50 83 13 19 92 126 26 101 120 116 44 93 82 65 7 0 -1
60 73 48 2 114 16 62 112 55 45 6 32 19 85 20 -1
68 12 15 3 56 84 110 87 102 108 115 61 53 23 74 72 66 80 29 5 -1
117 24 87 108 115 61 106 14 66 49 72 70 9 36 58 -1
87 61 14 53 23 37 79 48 126 32 20 85 75 19 50 83 13 76 92 40 82 65 -1
62 16 112 45 60 75 85 19 13 50 40 7 11 46 67 118 27 -1
120 0 48 99 55 112 62 16 114 78 3 96 100 12 15 107 56 84 87 106 14 66 72 23 -1
28 103 18 104 42 17 98 43 69 109 10 86 24 5 63 9 36 58 105 -1
31 47 54 33 25 38 39 46 118 67 1 77 0 26 7 65 50 116 -1
45 55 6 32 112 16 114 78 71 3 107 15 56 34 68 12 100 96 -1
36 29 5 80 81 27 52 31 89 59 17 64 28 98 103 69 10 117 24 102 87 -1
74 114 16 55 45 60 32 126 92 19 20 85 75 -1
9 66 70 72 14 100 96 71 78 12 107 3 56 15 -1
100 78 96 71 3 115 108 102 24 117 18 69 4 64 98 42 105 43 109 10 -1
25 121 91 82 88 39 33 30 41 22 119 8 35 123 125 21 57 -1
17 42 98 103 28 111 4 69 109 18 104 43 90 113 59 89 31 47 51 52 -1
87 61 102 24 86 117 18 103 28 98 113 42 59 90 43 64 111 4 10 69 -1
69 109 86 10 117 24 102 108 87 84 110 68 34 56 3 78 100 71 -1
63 58 105 104 18 69 4 10 117 24 36 29 80 5 9 81 94 27 52 118 67 46 11 2 -1
104 43 98 42 17 28 111 69 4 64 103 90 -1
74 2 97 0 79 11 7 120 116 101 26 40 93 88 121 91 25 30 57 22 119 8 -1
99 48 0 101 93 116 44 65 82 88 25 91 125 22 119 21 8 57 -1
30 54 51 31 33 41 8 21 57 22 35 123 95 13 76 19 92 85 -1
7 11 26 48 2 79 37 23 114 16 55 112 6 73 45 32 126 92 19 50 13 83 76 85 -1
41 21 125 91 25 33 31 38 47 54 30 8 119 22 57 -1
48 99 55 16 114 74 37 2 79 97 0 11 7 -1
56 107 3 15 12 68 84 110 87 108 61 102 24 5 -1
57 22 30 39 46 67 27 52 31 51 38 54 47 -1
34 68 84 110 87 108 102 106 61 14 100 12 56 15 -1
122 81 1 11 79 48 126 32 6 55 60 75 20 50 -1
93 40 95 50 19 32 20 85 75 60 73 6 112 45 55 99 48 2 114 16 62 -1
14 72 70 66 124 9 80 5 58 104 43 64 -1
70 124 9 36 80 63 5 24 86 18 109 4 43 17 42 89 113 98 -1
104 43 98 42 90 59 89 31 52 122 94 29 -1
106 108 115 61 53 14 72 70 66 74 49 124 9 81 1 46 67 -1
11 97 0 26 120 65 95 123 35 91 121 125 21 8 57 -1
64 111 28 17 59 90 103 4 18 10 117 24 86 109 69 43 104 -1
102 61 14 53 23 37 97 79 0 11 77 67 46 39 31 52 -1
66 49 23 124 70 9 81 94 122 29 27 1 -1
121 91 25 30 54 33 38 51 31 89 113 98 28 -1
88 125 123 35 21 22 8 41 57 30 31 39 25 38 47 51 52 89 42 105 63 -1
16 112 32 60 75 20 92 19 76 13 95 40 44 -1
86 18 10 117 24 36 9 81 67 11 1 77 0 101 65 50 76 19 85 20 -1
110 68 12 107 56 15 3 115 61 102 24 86 18 109 69 43 98 28 103 111 64 17 90 -1
90 17 59 113 42 98 28 64 111 103 4 18 86 10 69 109 43 105 58 104 -1

8 30 57 21 22 125 121 25 33 54 38 47 51 52 27 94 122 118 46 67 1 11 97 2 -1
100 78 114 16 55 99 73 126 48 79 37 74 49 124 70 9 5 36 80 -1
103 69 10 4 18 86 109 43 28 98 113 89 42 -1
119 21 35 123 95 13 50 116 101 93 82 65 120 44 40 -1
46 11 2 79 37 74 114 23 53 66 49 72 -1
6 32 60 45 73 48 79 37 74 49 66 53 14 108 87 110 84 56 15 107 3 12 -1
92 126 26 7 120 44 93 88 125 121 25 91 35 21 41 57 -1
57 21 8 119 22 35 125 123 91 82 95 65 50 19 75 32 -1
114 16 62 112 60 45 6 73 99 48 2 97 -1
90 98 42 17 64 43 103 69 10 117 86 18 109 4 -1
34 68 84 110 87 61 53 66 74 37 97 0 79 48 126 92 85 75 20 76 -1
77 1 118 27 67 81 80 5 9 72 49 124 66 53 61 108 106 115 3 12 -1
47 51 38 31 52 27 122 118 1 46 39 33 25 91 35 125 21 22 8 -1
4 111 64 103 98 17 59 89 51 47 54 38 30 -1
87 108 102 24 86 109 43 42 59 104 18 10 69 4 103 98 17 113 90 -1
0 26 101 88 93 7 120 65 40 44 116 50 -1
6 60 73 99 48 126 92 83 76 19 20 85 75 32 45 112 55 16 -1
103 4 111 64 17 98 113 43 28 42 90 59 104 18 109 69 10 86 117 24 36 63 58 5 -1
101 26 7 93 116 82 65 120 44 95 13 76 85 -1
36 24 117 18 4 111 28 64 43 98 17 59 104 105 63 5 29 9 72 66 124 23 -1
60 32 112 16 55 99 73 48 26 40 7 65 93 44 82 95 116 50 13 76 20 92 -1
121 125 123 35 91 25 33 31 39 30 41 22 21 57 -1
16 114 74 72 23 124 70 66 53 61 108 106 115 3 71 78 -1
117 10 86 18 69 4 109 103 28 17 42 89 59 43 64 111 -1
30 54 47 31 38 33 39 88 125 35 123 91 121 -1
9 81 29 27 1 67 118 52 51 89 59 113 43 104 105 42 -1
126 73 99 48 97 2 49 124 9 81 94 29 80 36 -1
102 106 108 87 24 86 10 69 43 109 4 111 64 28 103 98 42 105 104 58 -1
113 98 64 17 90 43 105 63 58 36 5 24 86 117 10 69 4 111 103 109 18 -1
16 62 112 45 73 99 55 6 32 75 20 92 126 26 40 116 101 7 11 -1
121 25 41 57 22 119 21 35 123 91 88 39 38 47 54 33 30 8 -1
47 31 33 38 25 39 88 125 21 8 22 30 54 -1
107 15 3 78 96 100 12 68 34 56 84 110 87 108 -1
54 47 31 51 89 59 104 42 90 103 28 64 111 4 10 18 117 -1
25 39 30 88 121 125 22 21 119 8 41 57 -1
122 81 80 70 66 49 72 74 114 2 97 11 79 0 26 7 40 95 44 -1
93 40 44 95 65 101 26 11 0 48 126 32 60 75 19 -1
23 72 70 124 66 53 14 106 108 87 102 61 115 3 56 12 -1
56 68 84 87 24 5 9 36 29 80 81 94 27 122 118 67 46 39 33 30 88 91 123 -1
58 63 80 5 36 29 27 67 11 79 37 23 124 70 66 74 114 16 62 112 32 45 6 -1
50 92 19 20 32 126 73 6 55 45 60 75 85 -1
39 30 22 8 41 21 125 123 91 88 121 25 33 31 54 47 51 89 59 17 98 -1
78 12 68 34 56 84 110 87 106 115 3 71 100 96 -1
121 91 123 35 21 41 25 38 31 54 47 51 52 118 122 94 81 1 46 11 -1
35 123 95 82 91 121 25 39 33 31 47 38 54 51 89 42 113 17 59 104 -1
6 45 55 60 112 16 114 2 97 37 79 11 1 77 0 26 126 73 99 48 -1
90 113 17 89 59 42 43 98 103 111 64 4 10 109 18 104 58 -1
117 24 36 5 63 105 42 113 90 98 43 109 10 4 111 64 103 28 17 59 -1
55 6 112 62 16 114 2 97 48 73 60 32 45 -1
109 10 86 117 24 36 29 122 94 27 81 1 46 39 38 -1
83 50 65 44 82 95 123 35 91 88 101 0 77 1 67 -1
19 13 76 50 83 92 20 32 126 73 6 45 55 112 62 16 114 23 74 49 2 79 -1
89 113 42 104 58 36 24 117 18 69 10 109 103 111 64 98 90 59 17 28 43 -1
86 10 4 18 117 24 5 58 36 80 66 49 74 2 79 0 7 26 101 88 25 -1
103 111 64 98 43 90 17 42 104 105 58 36 80 63 5 9 124 49 74 -1
110 84 68 12 100 78 71 3 115 106 108 102 61 14 72 23 114 74 37 -1
120 116 101 88 39 25 121 91 82 93 44 40 50 19 32 20 92 -1
29 81 27 52 89 113 59 43 109 18 86 24 117 10 4 111 103 90 -1
43 113 42 90 98 28 17 59 104 58 105 63 80 36 29 5 9 81 94 122 52 27 1 11 -1
31 47 51 52 27 81 1 11 77 67 118 122 94 29 36 5 63 9 124 -1

39 88 91 82 93 7 0 101 26 11 77 67 46 1 118 52 51 89 59 42 -1
40 44 93 82 116 95 13 19 75 32 112 45 60 6 55 99 48 -1
34 56 68 84 110 87 61 106 102 24 36 58 105 104 -1
74 37 97 79 2 114 23 124 70 80 63 105 -1
6 45 112 32 75 20 85 76 13 19 50 83 92 126 73 60 55 99 -1
28 103 109 10 69 18 4 64 17 90 43 59 -1
62 16 55 45 32 6 112 60 73 48 79 37 74 114 2 -1
112 60 32 45 73 126 92 85 19 13 83 50 40 82 116 65 101 7 93 -1
92 19 85 20 76 50 116 93 82 40 7 26 126 48 0 101 65 44 -1
59 17 64 111 28 103 98 113 89 31 47 51 38 39 33 41 25 30 54 -1
63 58 36 5 24 102 61 53 66 9 124 49 2 37 23 74 72 70 80 81 122 118 46 -1
4 111 69 10 18 103 28 64 98 42 104 43 113 90 17 89 59 -1
123 35 91 88 121 125 21 8 119 22 30 38 47 51 52 31 54 33 39 46 1 27 29 -1
27 1 77 67 118 52 31 38 39 88 121 25 91 82 -1
13 83 76 19 32 126 48 79 11 77 0 7 120 65 44 95 123 35 8 57 21 119 22 -1
14 106 87 61 108 102 24 36 9 124 49 66 80 70 72 23 74 2 79 -1
2 79 0 77 67 11 7 26 120 44 93 101 116 82 95 40 50 20 76 19 75 85 -1
69 109 103 90 43 17 59 113 98 28 111 4 64 -1
99 48 97 37 74 49 66 53 23 124 70 80 29 94 -1
50 76 20 19 75 32 60 73 48 79 11 46 39 -1
107 15 12 78 71 3 68 110 87 102 24 86 10 117 18 109 4 64 43 -1
113 98 64 111 69 4 10 18 109 86 117 24 5 36 63 58 -1
22 21 35 123 95 65 82 44 116 50 20 85 76 92 13 83 -1
115 61 106 14 72 49 74 37 79 48 126 26 120 65 40 44 95 116 -1
3 56 107 15 12 68 110 84 87 106 14 72 70 66 49 124 -1
72 23 49 2 114 16 62 112 60 45 6 55 99 73 126 32 20 92 -1
106 102 61 115 3 71 96 78 114 23 74 66 49 2 37 79 97 -1
107 56 15 3 115 108 87 102 106 61 14 72 74 114 16 55 99 73 48 0 97 -1
57 22 21 8 41 30 38 47 54 31 51 52 118 46 1 81 -1
88 101 7 65 82 40 116 93 120 26 126 73 45 32 -1
100 71 78 12 107 56 84 110 68 3 115 61 102 108 106 14 -1
94 122 27 67 11 77 0 26 48 79 37 97 2 23 49 72 124 9 63 58 -1
88 91 123 95 50 20 32 45 73 6 55 60 75 85 76 -1
55 99 48 126 32 112 6 60 75 19 92 83 13 76 20 50 40 93 65 44 82 88 91 25 -1
35 91 125 121 25 41 57 8 21 119 22 30 54 51 52 122 118 46 1 67 81 9 70 80 -1
53 61 106 102 108 115 3 68 110 87 84 56 -1
45 73 6 32 20 19 13 50 116 40 92 76 85 -1
82 40 116 101 120 44 65 50 19 20 75 60 6 -1
28 98 64 4 43 104 42 90 103 69 109 18 86 10 117 24 102 -1
122 94 29 5 36 80 63 58 104 59 42 17 90 98 103 4 64 -1
107 15 12 56 3 71 100 78 114 16 62 112 6 60 45 73 126 48 79 0 7 93 101 65 -1
57 30 31 39 25 41 33 54 51 38 52 89 -1
80 81 9 124 66 53 23 72 14 100 12 78 71 3 56 15 107 -1
41 22 30 54 38 47 51 31 52 122 27 118 46 11 -1
15 12 68 34 56 3 96 71 78 100 14 72 49 74 23 37 2 97 48 99 55 6 45 32 -1
36 9 81 94 122 118 52 27 1 77 0 26 11 46 67 -1
74 23 53 66 70 124 72 9 29 81 27 67 118 46 1 11 77 0 120 44 40 82 91 -1
50 76 83 92 126 26 120 0 48 79 97 37 2 74 114 23 49 66 124 9 -1
122 29 9 70 66 72 49 74 114 78 12 68 34 56 84 87 108 102 106 14 53 61 -1
11 46 118 1 77 67 27 52 31 47 51 54 38 39 25 41 57 30 33 -1
123 91 125 35 8 30 31 47 54 51 89 59 42 105 63 5 58 36 24 117 18 -1
113 43 98 64 111 69 18 86 117 24 102 108 14 53 23 49 72 9 5 -1
63 36 9 70 72 124 49 66 80 81 27 52 -1
54 51 31 39 33 38 25 41 22 8 35 123 95 116 101 65 44 82 93 88 121 91 -1
37 79 11 0 7 101 88 125 121 25 38 31 89 113 17 43 64 28 103 4 109 69 111 -1
32 19 92 76 85 20 50 116 95 44 40 82 65 93 101 120 -1
10 4 111 28 42 59 89 51 54 33 25 41 21 22 35 91 82 95 40 7 120 26 126 -1
20 75 60 73 6 55 99 48 97 11 7 101 116 95 40 82 65 50 13 83 76 85 92 -1
41 8 57 21 35 123 95 65 7 120 26 11 67 118 46 1 77 0 101 88 121 25 39 38 -1
66 70 9 5 36 63 58 105 43 42 104 59 90 98 17 89 52 31 30 39 88 82 116 101 -1

5 58 63 80 66 124 23 2 11 46 39 38 51 54 31 89 59 42 98 -1
45 6 73 99 48 0 77 1 118 46 39 88 121 125 35 21 57 41 22 119 8 30 33 54 -1
57 41 8 21 119 22 35 123 125 121 91 88 39 46 118 67 27 94 81 1 11 97 48 2 -1
45 55 6 112 32 75 60 73 126 92 83 76 13 -1
43 4 10 69 109 18 86 24 87 108 115 61 106 102 -1
66 14 106 102 24 87 110 84 56 12 78 114 74 23 2 37 97 0 11 79 48 -1
55 99 73 60 45 6 112 16 114 23 2 48 79 37 74 -1
79 11 97 48 2 37 74 49 124 9 66 80 63 105 -1
108 87 102 106 61 14 100 96 3 56 107 12 78 71 -1
2 49 74 23 53 66 14 72 70 9 36 63 105 104 43 109 4 111 64 -1
48 97 37 2 79 11 77 0 101 65 82 95 116 44 120 7 26 40 92 76 -1
14 61 53 66 80 81 67 77 1 27 122 29 5 9 72 -1
5 63 80 29 27 81 1 67 46 11 77 0 97 2 49 72 66 70 124 9 36 58 104 105 -1
4 10 117 18 104 105 63 36 29 9 81 122 27 52 31 39 88 91 25 -1
99 55 45 60 73 126 92 13 95 123 35 125 121 91 88 93 120 101 7 11 97 -1
100 3 15 56 68 12 78 114 23 2 49 74 37 79 11 97 0 26 126 73 -1
38 33 54 51 52 118 122 94 81 1 46 39 25 30 57 -1
62 112 60 75 20 76 92 85 19 50 40 26 120 101 7 65 44 82 91 125 123 -1
38 51 47 31 30 33 39 88 121 25 91 123 35 8 22 21 119 -1
46 1 27 118 122 81 29 36 58 105 63 80 -1
104 18 109 10 69 4 43 17 59 113 90 98 -1
69 43 98 17 64 103 28 42 90 113 89 31 47 38 54 30 88 91 35 125 -1
89 42 43 90 59 104 58 5 9 36 24 102 -1
120 7 26 40 82 93 65 116 101 88 30 39 46 1 11 0 48 73 60 45 -1
74 72 14 66 124 23 49 2 114 16 55 6 60 73 99 48 97 -1
70 72 66 53 14 106 102 61 115 108 87 24 36 80 5 -1
78 114 23 72 124 70 80 81 94 29 9 5 58 105 104 18 86 24 102 106 14 53 66 74 -1
36 5 24 102 61 106 115 3 68 56 107 12 78 114 74 72 -1
11 7 26 120 93 88 30 25 38 33 39 31 47 51 89 17 -1
30 31 33 39 38 51 52 118 1 27 81 29 36 63 58 5 24 117 10 86 18 -1
11 26 93 65 50 92 85 19 76 83 13 95 44 116 101 -1
32 60 6 73 126 48 26 0 79 37 2 114 -1
110 68 12 78 114 23 124 70 66 80 36 9 63 105 58 5 24 87 61 115 106 108 102 -1
77 67 27 94 122 52 118 1 46 11 79 37 74 66 9 5 58 104 42 -1
40 116 50 92 20 32 112 62 16 55 60 6 45 73 126 26 11 67 27 122 -1
101 65 44 93 40 26 0 120 116 50 20 75 32 19 85 92 13 83 -1
103 28 111 69 10 86 18 109 4 43 98 90 17 113 42 104 58 36 -1
27 122 118 52 38 31 30 22 125 21 57 41 33 54 47 51 89 17 113 -1
121 88 39 25 38 33 30 22 57 21 125 123 35 91 82 95 13 83 92 19 76 50 116 93 -1
84 68 34 56 12 15 107 3 96 100 14 108 115 61 87 102 24 36 58 63 105 42 89 -1
110 84 56 34 68 12 107 15 3 96 78 100 71 -1
56 15 107 3 68 110 87 102 24 5 80 66 53 61 115 108 14 106 -1
43 64 4 103 28 111 69 109 10 86 24 87 106 108 102 61 115 3 96 71 78 114 16 -1
119 8 35 21 57 30 39 31 54 47 51 38 33 41 25 121 88 125 91 123 95 82 65 44 -1
102 106 87 24 117 10 18 4 111 64 98 28 -1
35 8 41 33 25 30 39 46 118 67 77 1 27 52 38 54 -1
109 4 18 104 42 28 111 69 10 117 86 24 5 -1
75 19 13 83 50 20 32 126 26 93 88 82 40 116 101 120 44 95 65 -1
4 18 117 24 86 10 69 103 111 28 64 98 90 113 42 104 43 59 -1
114 78 12 68 3 56 84 87 24 86 117 10 18 69 111 28 98 -1
83 13 92 19 76 50 20 75 60 55 6 112 45 32 126 48 73 99 -1
95 82 88 93 44 116 120 101 7 11 67 46 39 33 25 91 121 -1
96 100 12 56 107 3 115 61 53 23 74 114 78 71 -1
28 43 4 111 64 103 69 18 86 117 10 109 -1
69 43 98 90 42 113 89 17 64 111 28 103 4 10 18 117 86 -1
114 16 112 6 55 99 48 0 7 11 1 27 122 118 52 51 47 54 31 38 25 39 33 30 -1
95 50 92 40 44 93 88 91 82 116 65 120 0 7 101 26 11 1 27 29 81 94 122 52 -1
75 32 20 50 95 13 83 76 92 126 73 6 -1
69 10 117 24 36 63 58 104 105 43 90 59 17 -1
31 38 25 39 46 11 1 81 122 52 89 17 28 -1

59 42 113 17 89 52 51 54 33 25 39 31 38 47 -1
116 40 82 95 13 92 83 50 19 32 45 60 112 -1
20 19 50 95 13 83 76 92 126 26 7 120 93 82 88 101 -1
88 93 120 26 101 116 95 40 7 0 79 37 23 49 -1
111 64 103 28 98 42 17 113 59 89 52 122 118 27 -1
45 73 6 55 16 114 2 97 0 11 26 101 116 82 93 -1
121 25 88 39 30 8 35 21 57 41 33 31 52 51 54 47 38 -1
111 28 64 4 18 104 58 63 9 29 5 24 36 80 70 124 -1
72 74 37 79 2 11 46 67 81 122 29 27 1 77 0 48 99 73 60 45 6 32 -1
122 29 94 27 1 46 118 52 51 54 47 31 89 113 90 59 -1
96 78 3 107 56 34 68 84 87 108 61 115 106 14 53 -1
24 36 63 58 104 43 59 42 89 17 90 113 98 28 103 109 4 64 111 69 18 86 10 117 -1
70 72 124 23 2 74 66 80 5 24 86 18 103 -1
96 78 71 100 12 68 34 56 107 15 3 115 106 102 -1
89 42 104 105 43 4 111 103 98 90 113 59 17 28 64 -1
60 6 55 99 73 45 112 62 16 114 2 37 79 -1
60 6 45 55 112 32 75 85 20 19 76 13 50 95 65 101 116 44 120 7 93 40 82 -1
31 51 54 33 41 22 8 119 21 57 30 38 52 118 1 11 97 79 0 26 101 93 120 -1
31 52 89 59 17 28 43 64 111 103 69 109 4 18 86 24 117 10 -1
111 64 4 109 43 113 17 89 51 52 38 54 33 30 39 25 88 121 -1
30 38 31 89 42 59 90 103 111 28 43 109 10 86 117 18 4 69 -1
69 43 109 10 18 86 117 24 87 110 84 68 12 3 15 56 34 -1
123 125 35 21 22 30 41 25 33 54 51 47 38 31 89 42 104 105 63 36 -1
92 85 20 75 19 50 13 95 82 93 101 7 65 120 116 44 -1
0 101 88 121 125 22 8 57 21 35 123 95 13 92 40 26 93 65 50 -1
38 54 51 52 27 94 81 1 77 11 97 2 79 48 26 -1
110 87 84 68 3 107 15 12 100 78 71 96 -1
98 43 105 63 9 66 80 81 94 122 29 5 58 -1
22 57 8 30 39 25 88 91 35 123 125 21 41 33 -1
45 32 19 76 13 95 123 91 121 125 22 35 8 41 25 30 39 88 82 93 44 -1
122 94 29 36 24 102 106 108 14 53 66 70 124 9 63 105 58 104 43 109 18 117 -1
6 32 112 55 45 73 126 92 85 75 19 20 76 83 13 95 123 35 22 41 8 57 30 54 -1
15 12 3 115 61 87 108 102 24 5 63 105 104 42 -1
68 34 56 15 12 100 96 3 115 106 102 108 87 61 53 14 72 74 -1
72 9 70 80 36 58 104 18 103 90 43 42 28 111 64 17 59 89 51 47 -1
25 30 41 57 8 21 125 35 123 91 82 116 95 44 65 50 -1
48 126 92 85 20 19 76 83 50 13 95 40 65 -1
90 59 43 105 104 42 98 17 64 111 4 69 18 109 103 28 -1
10 117 86 18 4 111 28 17 89 31 30 39 46 118 52 27 67 1 -1
107 56 3 71 96 78 114 2 97 48 126 92 85 75 60 32 112 -1
64 111 4 69 10 117 18 109 43 59 42 89 31 33 30 38 47 54 51 52 -1
55 6 73 99 48 79 11 2 49 23 74 37 97 0 26 7 65 44 -1
77 1 67 118 52 89 31 30 39 88 91 82 65 50 13 19 75 60 -1
99 73 48 2 23 124 49 72 74 66 70 9 5 80 63 105 58 36 24 -1
79 0 120 44 93 40 65 95 116 101 7 11 77 67 81 122 52 118 27 29 36 80 66 -1
61 53 23 72 74 49 2 97 48 126 92 19 32 45 73 6 55 112 60 -1
53 14 61 115 108 102 87 84 68 56 12 15 -1
93 120 116 95 65 50 83 76 85 19 13 92 20 -1
33 39 38 52 118 46 67 77 11 0 7 65 40 26 120 93 88 82 44 95 13 92 -1
85 75 32 112 60 6 45 73 99 55 16 62 -1
121 125 123 35 8 21 41 22 30 88 82 93 26 120 0 48 99 73 6 45 60 -1
7 101 120 93 40 82 65 50 95 123 35 21 125 -1
28 42 98 113 90 103 69 111 4 18 117 10 109 86 24 36 9 29 5 63 -1
18 109 69 103 4 43 113 59 89 51 54 38 30 57 22 125 91 -1
7 101 65 50 20 92 76 83 13 19 85 75 32 45 60 112 62 16 55 -1
108 106 102 24 36 63 105 104 58 5 9 81 67 77 0 101 -1
44 93 116 120 7 40 26 48 0 101 65 95 13 50 83 92 126 73 6 60 112 62 -1
56 12 3 68 84 110 87 24 36 29 27 118 52 122 94 81 1 67 46 39 31 38 47 51 -1
30 31 38 39 88 82 91 123 35 22 41 25 33 54 51 52 118 46 67 -1
21 41 33 25 121 91 88 39 46 118 52 122 29 81 -1

90 113 89 52 122 29 5 36 58 104 18 109 4 69 111 64 103 28 42 105 43 98 17 -1
21 35 125 121 88 91 123 95 50 83 13 76 19 32 112 55 60 75 20 92 85 -1
9 29 36 80 5 58 105 43 113 59 90 103 18 -1
48 2 97 0 120 7 65 40 50 20 76 13 19 85 92 -1
37 74 72 14 61 108 106 87 24 86 109 103 64 98 17 113 90 59 42 104 105 58 63 9 -1
72 49 2 11 7 93 120 101 26 0 97 79 48 73 6 -1
123 125 91 35 8 57 21 119 22 41 33 30 39 25 38 54 -1
122 118 52 51 54 33 41 57 21 125 91 88 121 25 30 39 -1
34 56 3 100 96 78 114 74 23 124 72 9 63 -1
11 2 79 97 37 74 66 9 70 72 49 124 23 114 -1
31 38 39 25 121 91 125 22 21 57 30 8 41 33 54 47 -1
34 56 12 68 110 87 61 108 115 106 102 24 36 63 105 -1
74 66 9 72 14 61 87 108 106 115 3 107 -1
39 46 11 0 7 40 95 65 93 101 88 82 -1
24 102 108 115 61 87 106 14 53 66 80 36 9 29 5 -1
13 76 20 85 75 32 126 92 19 50 116 101 120 93 82 65 -1
33 41 21 8 30 39 46 118 122 94 27 1 77 0 48 99 55 6 32 19 13 76 83 -1
80 36 24 5 9 124 70 72 66 14 108 115 61 87 110 84 56 3 96 100 71 78 -1
16 55 112 60 6 32 19 76 20 75 85 92 83 50 13 95 116 40 26 -1
114 74 49 23 37 97 79 0 7 120 101 88 125 121 25 30 54 31 52 38 -1
111 64 17 113 89 51 47 54 38 25 39 33 41 22 57 8 30 88 -1
73 60 112 16 55 99 48 0 7 26 40 93 44 116 120 101 65 82 -1
63 5 58 36 29 80 70 66 72 9 124 23 37 79 97 -1
84 110 87 106 115 108 102 61 14 66 70 9 80 63 58 104 105 42 -1
59 90 43 105 58 36 63 5 80 29 27 52 118 1 11 -1
100 3 15 107 12 68 34 56 84 110 87 106 108 115 61 14 66 74 -1
53 14 106 61 115 108 87 24 86 10 4 69 43 59 17 64 111 28 -1
108 115 61 106 102 24 36 80 70 124 72 49 -1
109 43 4 69 111 28 17 64 98 90 113 89 51 54 30 -1
99 73 60 6 32 75 85 20 92 76 13 95 -1
39 88 30 8 21 119 22 35 125 91 121 25 33 38 -1
65 50 19 13 76 85 20 32 60 112 45 6 55 16 62 -1
84 110 68 3 115 108 14 61 102 87 24 36 5 58 63 80 66 53 23 49 72 74 37 2 -1
79 48 97 37 74 66 80 81 94 122 52 89 17 -1
49 124 9 66 14 72 74 37 97 0 11 7 93 -1
37 79 97 11 26 40 82 65 116 50 13 83 76 85 -1
57 8 30 88 25 121 125 35 91 123 95 65 101 116 44 82 93 120 0 26 11 -1
69 103 64 4 109 86 10 117 18 104 58 105 42 90 98 28 17 59 113 -1
18 86 24 5 80 81 1 27 52 51 89 17 113 43 42 104 -1
22 8 57 41 30 33 25 39 88 93 44 65 50 -1
102 106 61 53 66 49 23 124 70 80 63 58 104 -1
84 68 34 56 15 107 3 115 61 53 14 72 70 80 29 122 94 27 81 67 77 1 -1
85 20 76 83 92 40 50 13 19 75 32 112 6 55 60 45 73 126 26 93 82 116 44 -1
101 88 125 35 21 22 57 8 41 30 25 39 46 11 67 27 1 118 122 52 31 47 51 -1
67 81 27 118 52 51 31 30 88 25 41 21 35 8 57 22 119 -1
115 106 108 102 87 24 86 109 10 117 18 103 69 4 64 111 -1
83 50 19 20 75 32 112 55 45 73 6 60 -1
34 68 110 84 56 15 107 3 12 100 96 78 114 16 62 112 -1
121 25 88 93 40 26 126 92 83 50 76 85 75 -1
60 45 112 62 16 55 99 73 48 26 126 32 6 -1
99 48 126 26 7 93 101 65 116 82 44 95 13 92 40 50 83 -1
122 118 46 1 27 29 94 81 67 77 0 79 2 11 97 48 26 120 93 116 40 -1
97 11 79 37 2 48 73 45 112 55 6 60 75 20 85 76 19 13 -1
17 90 59 104 43 64 103 18 4 109 10 86 -1
60 55 99 73 126 26 7 101 93 65 44 40 95 123 91 25 33 54 47 -1
74 23 49 72 124 66 70 80 63 5 36 24 102 87 84 68 34 56 -1
114 74 37 2 49 66 80 63 36 29 5 24 117 10 86 18 4 43 113 90 98 17 59 104 -1
105 42 113 59 90 17 43 64 98 28 111 103 -1
75 20 85 76 50 83 92 13 19 32 45 6 -1
57 8 21 125 121 91 25 41 22 35 123 95 44 40 93 7 26 0 77 1 67 118 -1

26 0 120 44 65 116 95 13 19 85 92 126 73 6 55 16 112 60 75 32 45 -1
9 80 5 36 24 87 61 115 3 71 100 12 78 96 -1
0 48 2 49 66 124 9 63 58 5 24 117 86 109 69 43 -1
93 101 88 82 40 92 50 19 20 75 32 126 48 26 7 120 44 116 65 -1
19 50 95 13 83 92 126 26 40 65 44 120 0 101 88 30 39 46 11 79 -1
80 70 72 124 9 63 36 58 105 43 98 17 59 104 42 28 103 111 -1
120 7 40 44 65 116 82 93 101 88 91 125 22 -1
52 31 38 54 33 25 91 125 121 88 39 30 22 41 8 35 -1
73 48 97 2 37 74 72 9 5 36 58 105 104 43 42 -1
59 43 64 111 103 18 109 69 10 86 117 24 36 5 29 94 81 -1
16 114 23 37 97 79 48 99 55 45 6 60 73 126 92 40 50 116 44 65 93 26 7 101 -1
70 72 74 49 2 37 97 0 79 48 26 93 101 120 116 44 95 50 76 20 19 -1
26 0 7 120 93 65 40 116 101 88 82 91 35 22 119 21 57 30 -1
39 46 67 77 11 97 37 2 74 114 16 62 -1
97 37 23 114 78 71 100 96 3 12 15 107 56 -1
104 43 90 59 113 42 17 64 4 10 117 18 86 109 69 111 28 103 -1
97 11 46 39 25 38 52 31 51 47 54 33 41 21 22 35 8 -1
118 67 77 1 46 11 97 37 74 114 78 71 96 100 14 53 23 124 -1
108 61 14 66 49 124 23 2 79 37 97 0 26 -1
95 123 125 88 82 65 93 26 126 32 6 73 45 55 99 -1
65 120 116 93 7 40 95 50 83 76 13 92 -1
23 49 2 37 74 72 70 80 5 63 36 24 117 10 69 18 109 43 90 113 17 -1
95 123 125 35 22 41 30 33 54 51 52 122 -1
94 81 67 11 77 1 46 118 52 89 42 104 59 90 43 69 109 10 18 103 28 111 4 64 -1
124 70 9 63 80 5 24 86 117 10 109 43 105 104 59 90 42 98 28 111 103 64 17 -1
88 91 123 125 121 25 41 30 22 8 119 21 35 -1
28 17 64 111 69 10 117 24 102 61 53 14 66 49 -1
123 95 82 44 40 65 7 93 101 116 120 26 48 97 37 79 2 114 16 62 112 -1
74 2 37 79 11 7 65 93 26 40 44 120 101 0 77 67 118 52 31 47 -1
35 8 21 119 22 125 121 25 38 30 54 33 -1
0 79 37 74 23 72 70 9 63 36 29 94 122 -1
28 111 103 98 113 90 59 43 104 105 42 89 17 64 4 69 18 109 10 86 117 -1
119 22 35 8 57 41 33 39 25 88 121 125 21 -1
48 0 120 65 101 7 26 126 32 112 45 60 55 16 114 23 74 37 -1
7 40 26 11 46 67 77 1 81 29 122 118 27 52 89 59 113 98 28 111 -1
94 29 122 52 118 46 67 77 11 79 0 48 126 32 75 60 73 45 112 6 55 99 -1
56 84 68 110 87 61 14 66 70 9 80 36 58 104 18 103 43 28 17 59 90 -1
86 10 18 109 4 111 69 103 43 64 28 98 17 113 90 42 59 89 -1
59 113 98 28 17 64 103 43 104 58 105 42 89 52 -1
106 61 102 108 115 3 12 15 107 56 84 110 87 24 5 80 70 124 72 9 29 36 -1
113 98 28 17 43 103 4 10 109 18 104 58 105 63 9 5 24 102 61 108 14 -1
32 6 112 62 16 114 78 12 68 34 56 107 3 71 96 100 14 108 106 61 53 66 72 -1
3 100 14 72 66 53 61 102 106 108 87 84 68 110 -1
104 42 90 113 89 17 28 43 69 10 109 86 24 36 5 9 -1
14 61 106 102 87 84 68 3 71 96 100 78 114 74 49 23 37 79 11 26 0 -1
46 39 30 38 51 47 54 31 52 27 94 29 80 5 9 70 124 49 74 -1
91 88 25 121 125 22 35 21 119 8 30 31 33 39 46 67 77 0 7 120 44 93 116 -1
123 35 8 41 30 22 125 121 88 101 116 50 20 32 75 19 85 92 13 83 76 -1
73 48 99 55 16 114 2 23 72 74 37 97 11 77 67 1 81 29 5 36 -1
105 58 36 29 9 124 70 80 81 67 27 52 -1
98 90 17 89 113 59 43 28 103 111 69 10 4 64 -1
82 95 44 65 50 83 92 76 20 75 60 55 112 62 16 114 74 -1
73 45 55 112 62 16 114 78 71 100 96 3 -1
32 75 19 20 50 95 13 83 76 85 92 40 44 65 7 26 101 116 93 120 0 77 -1
52 27 94 29 5 58 36 80 66 74 114 23 124 70 72 49 2 37 97 11 77 67 -1
101 88 39 38 33 31 47 51 52 89 17 59 43 103 69 4 10 86 -1
11 7 101 88 125 21 119 22 35 91 121 25 39 30 33 38 51 54 47 -1
59 113 98 28 42 90 103 18 86 10 4 64 43 109 69 111 -1
54 30 31 33 39 38 52 118 67 11 7 65 116 44 82 93 26 101 120 0 77 1 27 -1
18 69 111 4 10 86 24 102 87 84 110 68 34 56 107 12 100 3 96 78 -1

9 70 72 74 37 2 11 67 1 77 0 79 48 26 101 93 7 40 -1
35 8 119 21 57 41 30 38 51 47 31 33 -1
60 55 6 45 73 48 126 32 75 85 19 13 95 82 93 120 116 65 44 40 50 -1
123 35 8 30 57 22 125 121 91 82 65 120 0 97 2 11 -1
60 112 45 73 126 26 93 120 0 11 7 40 95 116 -1
97 79 2 74 37 23 114 78 96 3 107 56 -1
105 104 42 90 113 89 51 52 122 29 80 81 27 118 67 1 77 11 2 74 23 124 -1
3 100 78 114 74 49 72 70 80 36 5 24 87 110 -1
49 74 114 78 96 71 100 12 68 34 56 107 15 -1
99 73 60 55 45 32 19 13 76 20 85 92 40 93 26 0 79 11 77 67 -1
78 114 23 2 74 37 97 11 0 7 40 95 123 125 22 35 91 82 93 26 126 48 73 99 -1
72 23 114 78 100 71 3 107 15 12 56 34 68 -1
91 35 125 21 119 22 41 30 39 46 1 77 67 81 -1
50 13 95 123 125 121 91 82 44 116 120 93 7 11 77 67 81 94 122 118 52 31 33 30 -1
22 30 38 54 51 31 89 17 64 103 111 28 -1
102 108 14 106 115 3 78 100 12 107 15 56 84 87 110 68 34 -1
87 106 61 102 24 36 5 9 66 70 72 49 23 53 14 100 -1
60 6 112 45 55 99 73 48 79 0 120 65 101 7 40 50 20 19 85 76 -1
126 26 48 0 79 97 11 77 1 46 118 52 27 67 81 94 122 29 9 124 23 74 72 14 -1
90 59 43 109 4 69 103 18 10 117 86 24 36 -1
28 103 90 43 109 86 10 69 111 4 64 98 42 105 63 36 5 29 9 -1
25 33 30 22 35 8 119 21 125 91 82 44 116 120 101 93 -1
73 45 32 20 85 92 83 13 19 75 60 55 -1
49 72 124 70 80 66 74 114 2 37 23 53 -1
46 118 67 81 29 27 1 77 11 97 48 73 -1
3 107 15 12 78 71 100 14 72 23 74 49 66 9 70 124 -1
90 59 43 42 113 98 28 103 64 17 89 52 118 1 77 0 79 -1
34 56 84 110 87 108 106 61 53 66 124 70 72 14 100 -1
55 6 73 45 112 16 114 78 12 15 107 3 100 96 71 -1
32 60 6 73 45 55 112 62 16 114 23 53 66 49 2 79 97 11 26 126 92 76 85 -1
110 84 56 34 68 12 100 14 61 106 115 3 107 15 -1
118 27 81 94 122 52 89 59 104 42 43 105 63 80 66 74 72 23 2 37 97 -1
79 2 114 23 37 74 66 72 70 124 9 63 -1
100 71 96 3 107 12 68 84 110 87 102 106 -1
58 105 63 5 80 81 9 36 29 94 122 118 27 52 51 -1
73 99 55 45 32 112 6 60 75 85 20 92 19 13 83 76 50 65 116 120 7 0 48 -1
32 6 112 62 16 114 23 53 14 61 87 108 115 3 -1
110 68 84 56 12 3 71 78 114 2 48 126 32 60 55 45 73 -1
93 26 101 88 82 95 50 20 75 85 76 83 92 19 -1
97 11 67 1 77 0 120 93 40 92 13 83 50 76 20 75 60 45 -1
5 80 70 72 14 61 102 106 87 24 36 63 9 66 74 23 -1
61 14 106 108 115 3 71 78 96 100 12 107 15 56 34 68 110 -1
59 113 17 28 111 4 10 117 18 104 58 63 80 5 29 -1
46 39 25 33 38 47 54 30 31 51 89 52 118 67 1 -1
18 10 117 86 24 5 58 104 59 17 42 89 31 51 52 -1
123 95 116 101 7 120 93 65 40 92 13 76 83 50 19 -1
108 87 106 115 3 56 34 68 12 100 71 78 96 -1
103 69 43 113 42 104 105 58 36 5 9 70 80 66 74 -1
75 19 50 83 92 126 73 45 112 6 60 32 -1
55 16 62 112 60 45 6 73 48 26 126 32 20 50 95 40 -1
99 48 2 49 74 23 53 61 106 87 108 102 24 117 86 109 18 69 -1
32 75 19 13 50 116 65 93 40 26 120 7 0 97 37 74 49 72 9 -1
27 52 51 47 54 31 33 39 88 125 35 91 121 25 41 30 38 -1
28 103 64 111 4 69 109 43 59 42 89 31 30 25 41 22 119 8 57 21 35 125 88 -1
7 101 0 77 11 67 46 118 27 122 94 29 36 58 105 63 -1
91 125 121 25 38 33 31 89 42 59 43 4 69 111 64 -1
2 114 78 71 96 100 14 61 87 102 108 115 3 56 68 84 110 -1
37 97 11 0 120 101 65 7 93 116 95 44 40 92 20 85 75 60 45 32 6 112 -1
72 66 14 61 53 23 114 16 62 112 60 55 45 32 6 73 99 48 79 -1
4 64 17 28 111 103 69 10 117 18 109 86 24 5 9 81 94 122 -1

50 76 13 95 40 92 126 48 2 97 0 120 116 82 93 101 26 11 46 67 81 29 80 63 -1
83 76 13 19 75 20 50 40 44 82 65 7 0 97 11 79 48 2 -1
119 8 41 57 30 22 35 123 95 116 44 120 65 93 101 26 11 1 46 67 -1
45 60 73 99 48 97 11 1 81 27 94 122 118 46 67 -1
78 71 96 100 12 15 3 68 34 56 84 87 -1
101 88 121 25 91 125 123 35 8 57 30 39 38 47 -1
115 61 106 108 102 24 86 117 18 104 42 89 52 31 47 54 -1
14 72 9 5 36 80 66 70 124 49 2 23 53 61 106 108 115 -1
82 40 93 44 116 95 50 13 19 76 85 92 83 -1
14 72 74 49 23 37 2 114 16 55 112 45 6 60 32 -1
35 22 119 8 41 25 121 125 88 101 65 7 93 120 44 116 50 40 92 -1
96 78 71 100 14 72 23 124 9 29 81 122 94 27 52 31 51 47 -1
112 16 55 6 45 73 126 92 19 75 60 32 20 50 76 13 95 116 120 93 88 91 121 -1
14 108 102 87 61 106 115 3 15 107 56 34 68 84 110 -1
6 73 60 55 112 62 16 114 74 49 23 53 14 108 115 106 102 61 87 24 -1
3 78 12 100 14 72 9 70 124 49 66 74 2 23 53 61 108 -1
69 10 86 117 18 103 98 42 28 17 113 59 104 105 63 5 58 36 29 94 81 27 -1
13 19 75 32 112 45 6 73 126 26 7 101 116 65 50 95 82 88 121 125 35 -1
82 88 91 121 25 30 57 22 41 8 119 21 125 35 123 95 13 19 92 50 83 76 85 -1
34 56 84 87 24 5 29 94 122 81 1 77 -1
119 8 22 30 57 21 125 88 93 44 82 95 50 76 20 92 40 65 116 120 7 -1
50 76 19 32 20 92 83 13 95 82 44 120 -1
75 20 76 19 85 92 83 13 50 65 120 26 93 88 125 22 8 119 21 -1
79 11 77 67 118 52 51 38 54 31 30 88 101 116 44 82 -1
88 121 25 30 54 38 51 47 31 89 52 118 122 27 67 11 79 37 2 74 -1
72 49 23 74 37 97 2 79 0 120 44 65 7 40 116 93 -1
93 120 7 101 26 0 97 79 11 67 1 77 -1
69 109 43 42 89 113 17 64 98 90 103 111 28 -1
40 82 44 95 13 19 76 92 83 50 116 65 7 93 88 91 125 22 30 38 47 51 52 -1
13 92 20 76 83 50 19 85 75 32 45 60 55 -1
83 76 85 19 92 126 73 45 32 75 20 50 13 95 44 82 93 40 7 0 -1
37 97 2 74 49 72 124 70 80 5 9 66 53 14 106 108 -1
51 31 47 38 52 118 27 122 29 9 63 58 5 24 86 10 69 111 28 103 109 4 64 -1
96 78 100 12 3 68 56 84 87 102 24 117 18 -1
10 109 69 103 98 17 64 4 18 104 43 113 59 89 42 105 -1
106 87 84 56 68 12 107 3 100 96 71 78 114 23 37 79 -1
11 77 67 27 118 1 81 94 29 5 80 36 63 58 105 42 98 43 109 4 10 18 117 86 -1
61 14 53 66 80 29 81 67 1 118 27 52 51 54 38 31 47 -1
63 9 72 70 124 66 53 61 14 106 115 3 12 -1
103 18 104 105 58 5 29 81 1 77 67 46 -1
60 112 16 55 45 6 73 99 48 26 11 1 27 29 9 5 36 58 63 105 43 104 18 117 -1
80 63 9 70 66 74 37 23 49 72 14 100 3 56 84 -1
53 66 70 80 81 94 27 1 67 46 118 122 29 5 58 105 63 9 124 49 23 -1
126 26 101 116 65 120 0 11 2 49 23 74 37 97 48 73 6 -1
78 3 56 84 68 110 87 108 115 106 14 61 102 24 36 58 63 105 43 -1
104 59 113 17 43 109 4 69 111 28 64 98 42 105 58 36 29 122 52 -1
40 65 101 26 0 7 11 67 118 46 39 88 30 57 8 41 33 25 -1
104 43 98 28 103 64 17 42 113 89 51 38 30 88 -1
13 19 20 76 85 92 40 82 95 50 116 120 26 0 -1
78 71 100 12 3 15 107 56 84 87 108 14 66 72 23 2 79 11 67 -1
111 69 109 103 4 18 117 86 24 102 61 115 3 100 12 56 107 15 -1
81 29 5 63 105 58 104 59 43 28 98 90 42 17 -1
45 32 126 26 11 77 0 79 48 73 6 112 60 75 85 92 50 13 -1
94 122 81 27 67 118 46 1 77 11 26 7 40 95 -1
69 4 111 64 28 43 105 63 5 24 87 108 14 53 66 9 80 70 124 72 49 23 74 -1
98 64 17 43 109 4 69 18 10 86 117 24 102 106 14 100 78 71 96 3 107 15 -1
39 25 41 21 57 8 119 22 35 123 95 65 44 93 7 40 92 50 20 32 6 112 45 73 -1
36 58 104 43 113 59 90 103 111 4 64 17 98 42 89 31 -1
17 89 52 31 33 30 41 25 88 121 125 91 123 35 21 22 57 8 119 -1
26 0 101 120 65 116 93 7 11 1 27 81 94 -1

61 115 108 87 102 24 5 9 124 70 66 53 23 74 49 2 97 -1
67 77 1 81 80 9 72 124 49 74 37 97 11 0 120 26 48 -1
89 51 47 31 33 39 46 1 67 27 52 38 54 30 -1
20 19 32 45 112 6 60 75 85 76 13 92 50 -1
106 108 102 61 14 100 78 96 71 3 12 107 15 56 -1
86 117 24 36 5 9 66 49 72 124 70 80 -1
72 23 49 74 114 2 37 79 0 120 101 93 88 125 121 91 25 38 -1
126 32 75 85 20 92 13 95 123 125 121 91 35 8 30 88 25 38 33 31 51 47 54 -1
112 62 16 114 2 49 23 37 97 79 48 26 126 32 -1
14 108 61 106 102 24 117 10 69 43 98 90 113 89 51 -1
51 52 31 54 47 38 39 46 67 118 122 94 81 80 9 63 105 43 17 42 -1
64 43 17 89 31 51 47 54 33 38 52 27 94 81 80 -1
4 69 10 86 24 5 9 29 36 63 105 58 104 18 103 109 43 42 28 -1
101 93 88 82 40 65 95 123 35 21 22 119 8 41 25 30 33 31 39 -1
35 21 8 30 33 31 89 17 64 28 111 69 109 43 -1
99 48 79 97 0 120 7 101 116 50 92 126 32 6 45 55 60 73 -1
36 58 63 105 104 59 17 89 51 54 30 38 52 27 1 81 67 11 -1
0 101 7 11 77 67 1 118 122 81 9 124 70 80 29 27 52 -1
88 121 91 35 125 21 8 22 30 57 41 25 38 51 31 52 118 67 11 -1
35 8 41 33 54 30 38 31 51 89 42 113 90 98 28 103 109 -1
23 124 49 2 11 79 48 0 77 1 118 67 27 81 -1
75 20 85 19 76 92 83 50 13 95 65 120 101 0 -1
71 96 100 12 107 56 15 3 115 106 14 72 49 23 37 2 48 79 97 0 11 67 -1
84 110 68 12 107 56 15 3 71 78 96 100 14 108 -1
74 72 23 49 66 70 124 9 80 81 1 67 11 7 26 120 0 48 126 73 99 55 45 60 -1
117 86 18 69 109 4 111 64 28 42 43 113 -1
84 87 110 68 3 115 61 53 66 70 80 63 105 58 104 42 17 90 43 -1
115 106 102 24 86 18 103 98 43 59 104 58 -1
70 66 14 106 108 102 61 53 23 37 97 48 126 26 93 82 44 -1
43 104 58 63 5 36 9 124 49 23 72 70 66 53 61 106 14 100 3 71 78 -1
68 3 96 78 71 100 12 56 84 87 102 24 5 29 27 94 122 118 67 1 46 39 -1
65 82 93 7 40 50 19 20 92 83 76 85 75 60 55 6 112 62 16 114 78 -1
11 26 48 126 32 45 55 99 73 6 60 75 19 85 92 20 50 83 76 13 -1
14 61 53 66 49 124 23 2 79 0 48 26 93 44 82 40 92 19 76 83 13 50 95 65 -1
2 48 99 73 6 45 60 55 16 112 32 126 92 13 -1
115 3 71 96 78 100 14 72 49 66 124 23 37 74 -1
86 109 4 18 104 58 105 42 113 59 90 43 64 98 28 103 111 69 10 117 -1
58 5 29 94 81 27 52 118 67 46 1 11 79 2 23 49 66 -1
71 96 100 14 53 61 115 106 87 102 24 36 29 122 81 80 66 124 23 114 -1
9 66 80 5 29 27 52 51 47 38 33 54 30 22 8 119 21 57 41 25 121 91 125 123 -1
55 16 112 6 45 73 99 48 126 92 20 85 19 75 32 60 -1
71 3 100 14 61 87 102 24 117 18 86 10 4 69 103 90 17 113 89 59 104 -1
42 28 103 64 111 4 109 10 18 86 24 87 106 61 102 108 -1
114 78 96 71 100 3 115 106 61 108 14 53 66 49 2 -1
53 23 114 16 62 112 45 60 32 126 48 79 11 -1
28 111 64 4 43 69 10 86 117 18 103 109 -1
115 3 96 100 78 12 68 56 84 110 87 61 108 106 102 24 86 10 117 18 103 28 98 -1
76 13 83 92 40 44 93 82 88 25 38 33 31 30 54 51 52 118 1 -1
47 51 31 89 59 113 42 17 28 43 104 58 5 24 86 109 18 103 111 69 10 4 64 98 -1
3 12 107 15 56 68 110 87 102 108 61 106 14 -1
4 43 17 42 90 98 103 111 69 10 117 86 109 -1
40 7 26 120 0 48 73 45 60 6 112 32 -1
109 103 43 69 18 104 59 113 17 98 42 105 63 36 58 5 29 94 27 81 -1
4 103 43 17 113 42 59 104 58 36 5 24 102 106 115 61 14 100 71 96 78 12 -1
80 5 63 9 81 1 77 67 11 7 0 26 48 2 49 23 72 70 66 -1
82 91 121 88 101 0 120 65 7 11 2 49 66 9 70 124 23 37 97 48 79 -1
11 77 0 97 79 37 2 114 16 62 112 55 -1
24 102 108 106 115 3 100 14 53 66 74 23 2 97 79 11 1 118 67 81 122 29 80 -1
57 22 41 8 119 21 125 123 95 82 88 93 116 44 120 101 0 48 26 11 7 40 65 -1
94 29 27 122 118 67 11 7 40 95 50 19 92 76 13 83 -1

113 59 104 105 43 109 4 103 28 64 111 69 10 86 18 117 -1
74 37 79 11 67 1 46 39 31 33 38 47 51 -1
119 21 41 8 57 30 25 39 46 67 27 122 94 81 1 -1
1 67 77 0 101 26 40 7 65 116 50 83 13 19 75 32 112 62 16 55 60 45 73 6 -1
11 2 114 16 62 112 60 75 32 6 73 99 -1
59 113 42 17 90 98 28 43 105 104 58 5 29 80 70 66 -1
0 79 97 37 74 49 124 70 9 36 63 105 42 -1
17 28 98 103 90 113 89 52 118 122 94 81 9 36 29 27 67 11 2 114 16 55 -1
45 73 60 6 55 99 48 97 0 11 7 101 -1
64 103 98 113 89 42 90 59 104 18 86 109 10 117 -1
80 70 124 23 53 14 100 3 71 96 78 114 2 -1
7 120 44 65 95 13 92 19 76 85 75 60 45 32 20 50 116 101 -1
26 7 40 92 83 50 19 75 20 85 76 13 95 82 91 88 25 41 -1
3 71 78 100 12 56 68 110 84 87 24 86 117 18 10 4 111 69 103 98 28 -1
125 121 25 38 52 118 67 81 1 77 11 26 7 93 120 101 65 -1
22 41 57 30 25 33 31 39 88 101 120 0 7 93 82 44 40 92 -1
40 65 7 93 26 101 120 116 50 76 13 92 85 20 32 -1
40 92 85 76 20 32 112 55 16 114 23 53 66 80 36 58 63 9 70 72 124 -1
52 38 51 31 30 39 46 118 1 67 27 122 29 94 81 -1
17 89 59 104 18 103 69 109 10 117 24 87 84 56 107 12 68 110 -1
85 20 19 32 60 55 99 48 97 11 46 118 122 29 36 58 63 5 80 81 27 94 -1
50 13 19 32 45 60 6 112 16 114 23 74 49 2 11 1 77 67 118 46 39 31 89 51 -1
9 63 5 58 104 42 98 90 103 4 18 109 86 10 117 24 102 106 61 115 -1
2 48 97 11 77 1 81 94 122 29 27 67 46 39 38 51 89 31 33 54 47 -1
104 59 113 90 43 69 4 18 103 98 42 17 89 51 52 38 25 -1
99 55 112 16 114 74 72 70 124 23 53 61 87 108 102 24 -1
10 109 43 4 18 117 86 24 87 61 108 14 53 23 124 70 66 9 72 74 -1
83 92 20 19 50 76 85 75 60 32 45 55 99 48 26 93 7 40 44 65 -1
116 44 93 26 126 92 40 65 101 88 125 91 123 35 22 30 57 21 8 41 33 31 54 38 -1
106 61 14 72 49 23 114 74 66 124 70 80 29 122 52 89 113 90 98 103 -1
47 54 31 30 88 82 65 101 93 7 120 116 40 44 95 50 13 83 76 19 20 85 -1
94 122 27 118 52 89 113 59 104 105 63 80 -1
77 1 46 67 27 81 80 36 58 104 105 63 5 9 124 66 72 23 -1
124 49 66 53 14 100 96 3 15 107 12 78 -1
34 56 68 110 87 24 36 58 105 42 59 17 43 69 103 111 -1
27 94 29 81 1 67 46 11 77 0 101 93 -1
110 68 84 56 107 12 15 3 71 78 96 100 14 72 74 2 49 66 53 -1
96 100 12 107 3 56 34 68 84 87 24 117 10 109 18 4 69 111 28 43 17 -1
53 23 37 79 11 77 67 81 122 52 51 31 38 47 54 33 30 39 46 118 1 27 29 80 -1
48 79 0 11 46 67 1 118 122 81 29 80 66 14 100 3 96 78 71 -1
101 0 120 65 95 50 116 82 93 44 40 26 7 11 79 48 2 114 74 72 66 9 70 -1
32 19 75 85 92 126 48 99 73 45 60 112 62 16 55 6 -1
36 24 86 10 4 109 43 17 64 98 103 69 111 28 42 -1
31 51 89 42 17 113 59 90 98 103 28 111 64 43 4 10 69 18 104 58 5 36 -1
8 119 21 22 125 35 123 95 44 82 116 101 65 93 120 26 7 40 50 13 19 -1
118 27 52 38 39 33 31 47 51 89 17 42 113 98 28 -1
7 93 120 101 26 40 82 65 50 83 13 76 -1
50 65 116 93 88 39 25 38 51 47 54 31 33 41 -1
9 81 27 29 80 5 63 105 58 104 59 113 17 98 42 90 43 103 109 86 18 4 111 -1
10 18 86 109 69 111 103 98 90 17 28 42 -1
35 125 123 95 116 93 88 121 91 82 40 65 50 92 19 75 85 20 32 6 60 73 99 48 -1
76 19 32 75 60 73 99 48 79 2 37 23 49 66 9 80 29 -1
93 40 116 95 13 19 85 20 75 32 126 92 83 50 65 7 0 77 67 118 122 29 -1
80 36 9 29 81 122 52 31 33 41 21 119 22 30 54 51 47 38 39 46 118 -1
32 126 48 0 101 65 116 40 50 92 20 76 85 75 60 45 6 112 62 16 114 78 71 -1
63 9 70 80 66 49 124 23 37 74 72 14 106 61 -1
106 115 61 108 102 24 86 18 69 43 59 90 17 28 42 105 104 58 -1
104 18 69 43 64 98 103 109 10 86 117 24 87 108 115 61 102 -1
100 3 71 78 12 68 56 84 87 108 115 106 102 24 5 63 105 -1
76 83 92 85 20 75 19 13 50 40 26 101 88 91 123 35 125 21 22 8 119 -1

12 78 3 100 14 72 70 80 9 66 49 74 37 23 124 -1
16 114 2 79 37 23 124 49 66 9 63 105 58 5 36 29 122 52 89 31 54 33 -1
81 94 27 118 46 11 67 77 0 7 65 120 26 -1
58 36 9 80 29 122 118 67 27 94 81 1 77 11 26 120 0 48 99 73 -1
108 102 61 115 3 78 12 107 56 34 68 84 110 -1
24 87 61 53 66 74 23 2 97 11 26 93 65 95 40 44 82 -1
53 61 87 108 102 24 86 10 109 103 4 64 17 59 113 42 98 90 -1
111 103 64 4 18 117 24 102 87 108 14 72 49 124 70 9 5 29 94 -1
18 104 43 28 103 98 17 113 59 90 42 89 51 38 31 54 30 57 41 -1
119 22 8 57 41 33 54 51 89 52 27 118 46 1 -1
85 92 13 95 44 120 93 40 65 116 82 91 25 -1
49 72 124 23 53 66 9 36 63 5 29 81 1 11 77 0 7 101 65 -1
120 44 40 65 101 88 30 38 25 39 46 11 77 67 118 27 94 -1
119 21 8 57 41 22 125 121 88 25 33 54 30 31 39 38 47 51 -1
50 83 92 85 75 20 32 60 6 112 45 55 16 114 2 37 79 -1
38 31 54 33 39 46 11 26 126 73 99 48 2 74 66 -1
23 37 79 97 11 46 67 118 52 27 94 122 29 36 5 63 80 81 9 66 70 72 74 49 -1
126 48 26 120 0 79 2 23 37 97 11 67 -1
18 69 109 86 10 4 43 28 103 98 17 90 113 59 42 89 52 27 -1
59 89 51 38 54 47 31 52 122 81 67 27 -1
93 7 120 116 44 95 13 92 76 19 75 20 50 -1
22 35 123 91 121 25 88 30 57 41 21 125 -1
15 12 107 3 68 110 84 87 24 117 86 10 -1
65 101 7 40 44 120 116 95 123 125 21 119 8 41 57 30 39 31 52 38 47 54 -1
0 97 48 99 73 45 112 16 114 23 124 72 14 106 115 3 71 100 12 107 -1
83 76 19 13 50 40 82 95 123 35 22 57 41 8 119 21 -1
94 81 122 29 27 1 11 7 40 92 13 50 -1
44 65 120 93 26 7 101 116 40 95 13 83 76 92 126 32 112 16 62 -1
33 25 30 31 47 38 52 122 29 94 27 118 1 46 39 88 101 26 -1
28 17 43 59 90 42 89 113 98 64 103 69 18 104 105 -1
38 52 51 54 30 25 33 41 21 22 35 123 125 91 121 88 93 120 65 40 116 95 82 44 -1
12 68 56 3 115 108 102 87 24 117 86 109 10 69 4 111 103 64 43 -1
81 67 77 1 46 39 31 51 47 54 30 57 41 8 21 119 22 125 91 35 123 -1
8 119 21 22 125 123 95 50 116 40 7 93 82 88 121 -1
60 45 73 6 32 75 20 50 19 85 76 83 92 126 48 99 -1
110 87 102 108 115 3 100 96 71 78 12 68 56 34 -1
35 125 123 95 44 82 65 101 120 7 11 67 1 27 81 122 118 46 39 38 -1
50 83 92 76 13 19 32 112 45 6 60 73 48 97 79 11 -1
4 64 111 69 10 117 86 24 102 106 108 61 53 -1
103 18 86 24 87 108 106 14 53 66 74 49 124 9 36 58 -1
54 51 89 42 113 98 17 59 90 103 4 111 28 64 43 104 58 105 63 5 -1
65 40 82 93 116 95 123 35 8 57 41 33 31 38 54 47 -1
0 120 101 65 95 123 35 21 22 57 8 119 -1
109 69 103 64 17 59 42 113 89 31 47 38 25 30 39 33 41 22 21 -1
60 73 126 26 101 65 50 20 76 19 85 92 83 13 95 40 93 44 82 88 91 123 35 -1
19 76 83 92 20 85 75 60 45 6 112 32 126 -1
114 2 48 26 101 65 82 116 50 20 32 60 55 99 -1
27 52 89 51 54 33 39 46 67 77 0 79 11 7 120 65 116 101 93 26 126 32 -1
24 87 110 84 56 15 12 3 96 78 71 100 14 -1
91 82 65 116 101 7 11 77 0 26 120 93 44 40 50 95 13 19 -1
13 76 19 75 20 85 92 83 50 65 116 95 40 7 120 101 93 44 82 -1
21 35 8 30 41 33 38 47 54 51 52 31 39 46 118 1 67 11 97 2 49 74 114 -1
96 100 14 72 23 74 114 16 112 6 73 99 55 45 32 20 92 85 76 -1
62 112 16 114 78 3 12 15 107 56 84 87 110 68 34 -1
123 125 91 121 25 39 33 41 57 22 8 119 21 35 -1
59 89 31 39 25 38 47 51 52 118 1 67 46 11 -1
115 3 78 71 100 14 66 70 124 72 49 74 2 37 97 79 11 0 7 101 88 91 -1
8 119 21 22 35 123 125 121 88 30 57 41 33 39 46 -1
89 113 90 42 17 28 111 103 69 109 4 18 -1
36 29 94 81 67 118 52 27 1 77 11 26 -1

114 16 55 6 73 45 112 32 126 92 85 75 60 -1
95 13 76 83 92 126 26 101 116 40 44 82 91 35 123 125 121 -1
93 120 65 7 101 88 30 41 22 8 35 21 57 -1
2 74 114 16 62 112 60 32 6 45 73 126 48 26 -1
71 78 114 16 112 6 55 45 73 126 32 19 13 76 83 50 116 82 44 93 -1
42 104 58 36 9 66 72 70 80 81 122 27 1 118 67 11 26 0 120 44 82 40 65 101 -1
116 93 120 65 7 26 126 73 99 48 0 77 67 46 39 33 38 47 54 30 31 89 52 -1
40 95 13 83 50 92 20 76 19 75 60 32 126 48 0 97 37 -1
20 32 75 60 73 6 45 55 99 48 2 11 -1
6 112 45 60 32 19 13 92 76 50 20 85 75 -1
121 125 123 95 116 44 82 88 101 65 93 26 -1
62 16 55 112 32 126 48 0 120 44 40 92 83 50 95 -1
51 38 25 88 39 46 67 27 52 31 33 54 47 -1
34 56 107 15 3 71 100 78 114 74 49 23 53 14 61 -1
79 11 0 77 1 118 27 122 52 31 30 22 8 57 21 41 33 25 88 125 123 95 44 -1
71 100 96 3 12 107 15 56 34 68 84 110 87 102 106 61 -1
24 87 108 14 100 3 78 12 56 68 110 84 -1
33 41 25 91 121 125 88 93 7 11 26 40 92 85 75 -1
43 42 113 59 104 105 63 58 36 24 5 9 66 14 72 124 70 -1
96 71 100 12 3 115 106 61 14 53 23 114 16 62 112 32 75 85 20 -1
66 80 5 36 63 58 105 42 28 64 17 98 113 43 -1
85 92 76 13 95 123 35 22 21 57 30 39 31 47 54 51 89 113 98 43 104 -1
100 3 68 56 15 12 78 114 2 11 1 27 122 52 -1
4 109 18 104 105 58 63 80 36 24 117 10 69 43 17 -1
106 108 102 87 110 68 3 115 61 14 53 23 2 48 126 26 0 77 67 118 122 81 94 -1
115 106 87 102 108 61 53 14 66 72 74 2 49 124 9 -1
111 4 10 117 24 5 9 70 72 124 49 2 74 37 97 48 99 55 -1
60 73 126 48 99 55 16 114 2 11 97 79 0 120 116 101 26 7 -1
35 22 125 88 91 121 25 33 30 31 47 38 52 27 1 46 118 122 81 94 29 36 63 80 -1
92 76 50 13 95 123 35 91 25 41 8 57 -1
31 54 33 38 39 30 41 25 88 82 40 116 120 65 93 44 95 50 13 83 76 85 20 32 -1
24 86 18 4 111 28 42 104 59 90 17 113 43 105 -1
118 122 94 27 52 51 54 47 38 33 31 39 30 88 101 -1
40 7 93 26 126 92 20 76 19 13 95 44 65 101 0 -1
39 25 88 125 121 91 123 95 13 50 116 82 40 65 101 0 79 11 2 74 23 53 14 -1
56 3 96 100 71 78 12 68 110 84 87 24 36 -1
118 67 27 94 81 29 9 80 63 5 58 36 24 87 106 -1
91 82 116 101 65 7 40 50 19 13 92 20 32 126 -1
77 11 26 126 32 112 16 114 74 23 124 66 70 72 9 81 29 80 63 5 -1
46 67 77 0 97 2 37 79 48 99 55 60 112 62 16 114 23 -1
7 65 101 120 0 11 1 118 46 67 81 80 63 105 42 17 43 104 18 -1
106 61 14 72 74 114 16 62 112 55 45 6 32 19 13 -1
100 3 15 107 56 12 68 84 87 61 53 66 70 124 -1
103 109 4 43 105 63 5 58 36 29 94 81 67 77 1 118 122 52 38 33 41 -1
50 95 116 120 7 65 44 93 26 126 92 19 32 75 -1
20 50 116 101 7 26 48 126 92 40 95 65 120 0 77 11 97 2 37 79 -1
121 25 33 30 8 119 21 41 57 22 125 123 -1
78 12 15 3 56 34 68 110 84 87 61 108 115 106 102 24 -1
83 92 13 19 85 20 32 45 60 112 16 62 -1
35 8 119 22 21 41 33 39 25 30 31 47 54 51 52 89 113 42 90 103 28 98 -1
36 80 9 124 70 72 23 53 66 14 106 87 84 110 68 3 100 96 71 78 114 2 48 -1
74 49 72 9 81 67 118 27 52 38 31 33 41 25 -1
107 56 15 12 68 3 100 71 96 78 114 23 2 79 0 26 126 -1
30 88 93 65 120 101 116 40 7 0 97 48 126 32 45 55 6 112 60 -1
121 25 33 41 57 21 35 8 119 22 125 91 88 39 30 38 31 89 -1
54 51 38 47 31 39 25 33 41 57 22 30 8 119 21 -1
30 88 82 116 93 101 65 40 7 120 0 77 67 1 -1
18 10 4 111 28 98 113 42 89 59 104 105 63 80 29 81 94 27 -1
24 5 58 104 42 98 64 28 17 89 59 43 103 109 10 18 -1
12 56 15 3 71 78 96 100 14 72 70 124 66 53 61 115 106 87 24 117 18 -1

110 87 61 14 72 124 23 74 66 49 2 114 16 55 112 60 6 73 45 32 -1
39 30 25 33 31 47 38 54 51 89 113 90 103 111 4 109 10 117 86 18 104 59 43 17 -1
30 25 41 57 22 21 125 35 91 123 95 82 40 44 116 101 7 11 77 -1
100 71 78 3 15 107 56 84 110 87 108 14 53 23 2 48 97 79 37 -1
43 109 103 90 17 28 64 4 18 117 86 10 69 111 -1
92 20 50 40 93 88 25 91 125 21 119 8 41 57 30 22 35 123 95 13 83 76 85 -1
16 62 112 60 55 45 6 32 75 20 85 19 13 95 40 7 0 120 44 93 88 25 -1
63 80 70 66 53 61 115 108 87 84 68 12 100 96 71 3 78 -1
66 80 9 81 122 29 94 27 52 51 47 38 30 41 21 8 22 119 -1
112 45 32 19 92 76 85 75 60 6 55 99 48 2 23 114 16 62 -1
75 85 19 32 45 55 6 73 60 112 16 62 -1
5 36 24 117 86 10 69 111 28 103 98 43 4 109 18 104 58 105 42 59 -1
62 112 6 60 45 55 99 73 126 92 50 20 -1
107 12 56 84 68 110 87 108 61 115 106 14 100 71 3 15 -1
98 90 42 28 43 103 109 10 18 86 24 102 108 61 115 3 96 100 -1
99 55 6 73 48 2 23 49 72 66 53 14 100 96 71 78 12 107 15 56 3 115 106 102 -1
37 79 48 99 55 60 32 126 92 85 19 13 50 76 -1
51 54 38 47 31 89 52 27 118 122 81 80 63 9 66 49 23 2 97 79 11 26 -1
45 55 6 60 75 19 85 20 50 83 92 13 76 -1
35 22 30 38 54 31 89 17 64 4 43 98 -1
126 92 20 50 19 76 83 13 95 65 82 88 121 25 30 8 35 123 125 91 -1
72 70 9 5 63 80 29 27 52 122 94 81 1 77 0 120 7 101 26 93 65 82 88 -1
53 23 124 49 2 79 37 74 66 70 9 5 24 86 10 18 69 103 43 64 17 -1
64 28 98 90 113 17 42 59 89 51 52 38 54 47 31 33 41 21 119 -1
51 89 42 90 17 64 111 28 43 59 104 58 63 80 70 66 72 124 49 2 74 -1
122 81 9 72 74 2 11 67 27 29 80 66 -1
33 30 54 31 39 88 25 91 82 95 44 116 65 40 26 101 120 7 11 2 97 -1
95 123 35 91 25 41 21 119 8 57 22 30 54 33 39 88 125 121 -1
104 105 42 89 17 98 64 103 18 86 24 36 63 9 70 72 49 124 66 -1
115 61 53 23 37 79 2 48 73 60 112 55 16 62 -1
121 125 88 101 120 7 26 11 97 48 99 55 6 73 126 32 112 -1
34 56 68 110 84 87 61 115 106 108 14 72 9 66 70 124 49 23 74 114 16 62 -1
79 0 77 67 118 122 94 27 29 5 63 36 58 104 59 90 113 43 105 42 89 -1
13 19 85 75 60 55 112 45 6 32 126 92 20 76 83 50 116 120 0 -1
104 59 113 90 42 105 43 28 64 103 98 17 89 51 -1
63 5 29 36 24 102 108 14 72 49 74 37 2 97 11 67 118 1 77 0 79 48 126 -1
25 41 22 125 88 101 65 7 120 116 44 40 82 91 35 123 95 50 -1
18 86 109 10 69 111 103 98 28 17 90 113 89 42 59 104 105 -1
13 92 126 26 0 120 65 40 7 11 79 97 37 23 53 14 108 106 115 -1
34 56 107 12 3 100 96 71 78 114 16 112 -1
27 122 52 38 33 39 31 54 47 51 89 113 90 42 98 43 17 -1
112 16 114 23 2 74 66 72 9 5 58 104 43 98 103 90 -1
44 65 101 116 82 95 50 19 20 75 85 76 83 92 40 93 88 125 123 35 -1
53 23 72 49 124 70 80 63 58 105 104 59 90 103 28 64 17 89 113 -1
12 15 3 56 84 110 87 108 106 14 66 9 80 81 94 122 118 27 29 36 24 5 58 63 -1
2 48 99 73 126 26 0 120 7 101 116 93 65 82 88 121 91 123 95 13 50 19 20 -1
64 111 4 69 18 10 117 86 109 103 43 42 -1
47 31 89 51 54 33 41 30 8 57 21 119 22 35 125 91 88 93 -1
49 72 14 106 108 115 3 15 107 56 34 68 12 100 71 96 78 114 16 62 112 -1
79 48 73 99 55 60 112 6 32 20 85 75 19 50 76 13 92 40 93 7 65 120 101 -1
94 29 81 122 52 118 1 77 11 46 39 25 33 31 38 47 54 30 88 93 -1
115 106 14 72 23 37 2 11 97 0 77 1 118 46 67 81 -1
3 56 15 107 12 68 110 87 106 108 115 61 14 53 66 70 124 72 49 74 -1
29 5 36 58 105 104 18 103 64 43 109 10 69 4 111 28 98 90 42 89 51 47 -1
95 123 125 35 91 82 44 116 120 26 0 48 73 -1
8 119 21 22 57 41 30 88 91 125 123 95 40 44 82 93 120 116 65 101 0 48 -1
26 7 11 97 2 49 23 124 9 5 24 36 63 105 58 104 18 86 109 4 103 90 59 -1
125 35 123 91 88 39 38 30 33 54 31 52 51 47 -1
74 37 97 11 79 2 114 23 72 66 124 70 9 63 36 58 5 29 94 81 -1
1 11 26 93 116 50 20 32 75 85 76 92 83 13 95 44 -1

59 113 89 42 104 105 63 80 36 5 29 9 70 124 23 49 74 72 14 66 53 61 -1
0 7 120 93 26 101 116 40 50 83 76 85 20 75 32 45 6 73 126 48 99 55 16 -1
66 9 72 124 70 80 81 122 27 94 29 5 58 63 36 -1
92 85 20 75 32 6 45 60 73 126 48 97 37 79 11 -1
37 79 2 114 74 23 124 70 9 36 63 80 66 72 14 106 115 108 61 -1
60 45 55 16 62 112 32 126 26 120 7 0 79 37 2 11 77 67 81 80 5 29 27 118 -1
50 65 40 44 116 93 7 0 120 26 48 73 45 32 19 20 76 83 92 126 -1
64 28 42 90 17 59 113 43 4 69 111 103 98 -1
53 66 9 36 80 63 58 5 29 122 52 118 1 67 -1
15 107 12 56 3 68 84 110 87 102 61 106 115 108 14 53 66 72 -1
71 100 96 78 114 23 124 70 80 36 24 117 18 104 43 90 103 69 111 64 4 -1
77 11 26 0 7 101 120 93 40 92 76 13 50 20 -1
73 126 48 99 55 45 32 6 112 62 16 114 78 96 71 3 107 56 68 110 87 61 -1
27 52 51 31 38 47 54 30 8 22 119 21 57 41 25 91 125 123 35 -1
117 10 86 18 4 103 98 113 43 109 69 111 28 -1
12 68 110 84 56 107 15 3 115 108 87 106 61 53 66 9 72 74 23 2 97 -1
116 65 44 40 50 95 123 91 25 121 125 88 30 33 54 47 38 51 52 -1
101 120 26 48 126 92 40 44 65 50 76 83 13 95 123 -1
114 74 37 97 11 7 101 93 88 121 25 33 38 47 31 39 30 41 -1
121 88 39 33 38 47 31 51 52 122 27 118 46 67 11 2 48 99 55 112 32 75 85 76 -1
74 72 49 124 23 37 2 97 48 99 55 112 62 -1
62 112 45 73 6 55 60 75 32 19 76 83 -1
43 98 113 89 59 90 17 64 111 28 103 109 86 -1
103 109 18 86 117 10 4 111 28 64 17 98 43 69 -1
18 104 105 58 36 29 80 9 72 23 37 2 114 78 3 71 96 100 14 106 115 -1
13 83 50 40 116 120 65 44 82 91 125 21 119 8 41 25 88 39 33 54 38 47 -1
100 3 115 106 108 87 24 117 10 109 4 69 111 -1
112 62 16 114 78 71 96 3 12 15 107 56 68 110 87 108 115 61 106 -1
17 113 59 90 103 98 43 109 10 18 117 86 24 36 9 5 63 105 42 104 -1
102 24 86 10 117 18 109 4 64 103 111 28 17 90 42 105 43 -1
57 21 125 91 88 25 41 30 39 38 54 47 -1
40 93 120 7 65 50 13 95 116 101 88 125 -1
82 116 65 50 92 40 93 101 120 7 26 48 0 79 11 97 2 114 16 112 62 -1
83 13 50 76 92 19 32 112 62 16 114 23 37 -1
29 122 52 51 47 31 33 38 54 30 22 8 41 -1
107 12 56 68 110 84 87 106 108 115 61 53 23 114 78 71 96 -1
12 15 3 100 71 78 114 23 53 61 115 108 106 87 84 56 34 68 110 -1
62 16 112 60 75 20 76 13 92 50 116 82 44 93 120 65 40 26 11 97 37 79 -1
116 50 92 19 85 20 32 45 60 6 55 112 62 16 -1
6 112 60 73 45 32 75 85 76 13 50 83 -1
39 30 41 22 8 119 21 35 91 123 125 121 88 25 -1
46 11 7 120 26 0 79 37 2 114 16 62 112 45 32 75 60 55 6 73 99 48 97 -1
80 9 70 124 72 49 66 53 61 115 106 14 100 96 71 3 107 15 56 -1
88 30 41 33 39 25 121 91 82 44 40 93 65 101 116 95 13 50 19 20 75 85 -1
91 121 125 35 22 30 38 51 52 118 46 1 27 81 122 29 94 -1
126 73 60 112 32 6 45 55 16 114 78 71 3 -1
19 76 13 92 20 85 75 60 6 45 112 62 16 55 99 73 126 26 11 46 -1
60 73 48 99 55 16 112 45 6 32 126 26 11 46 39 25 88 30 -1
71 100 96 3 15 56 107 12 78 114 2 49 74 72 124 -1
58 36 5 24 117 10 109 4 69 43 90 98 17 -1
31 30 38 51 52 118 27 29 36 5 58 104 59 17 43 98 64 4 111 69 -1
14 106 87 110 68 56 15 107 12 100 78 114 2 23 37 97 11 26 126 48 99 55 -1
60 75 32 20 92 76 85 19 13 83 50 40 95 44 82 91 125 21 8 57 22 -1
51 89 59 42 113 17 98 64 4 111 28 103 -1
53 23 37 74 66 80 70 72 49 124 9 5 58 105 42 59 17 -1
82 40 26 48 0 11 46 39 31 33 41 21 35 123 95 50 -1
91 35 125 88 121 25 33 54 38 31 30 57 21 41 22 8 119 -1
20 92 83 76 19 85 75 60 32 45 112 62 16 114 2 37 79 -1
93 116 101 7 0 120 26 40 82 44 95 13 -1
49 2 23 37 79 0 77 67 27 122 118 1 46 39 -1

