91 35 34 54 85 6 86 24 19 9 92 64 11 89 52 100 18 15 83 105 27 59 -1
36 72 92 18 34 83 94 2 35 8 62 53 63 55 101 27 21 86 -1
108 72 92 18 34 83 105 94 101 55 63 8 49 35 15 54 24 102 -1
71 102 33 82 26 72 108 36 64 89 52 91 49 7 25 40 57 106 73 42 -1
12 63 55 101 27 59 95 17 56 87 45 2 83 3 19 82 23 9 66 -1
95 20 17 27 94 85 3 67 92 64 96 89 52 49 8 63 55 39 65 50 75 -1
32 27 94 85 19 82 26 29 30 44 92 67 93 35 8 63 53 90 91 100 -1
90 49 52 89 109 64 36 107 5 42 57 10 70 103 12 63 -1
4 36 64 89 52 91 8 63 2 15 54 22 85 94 27 17 65 61 -1
27 101 55 63 12 47 62 8 35 34 2 45 38 74 16 70 10 52 100 18 15 83 -1
36 72 92 67 98 18 66 3 19 82 26 43 44 48 79 73 106 57 -1
76 31 24 6 94 101 55 87 0 97 58 74 41 7 52 89 73 79 72 43 -1
17 27 105 81 94 101 55 39 78 65 56 87 38 12 16 -1
74 38 63 2 15 3 19 33 99 76 31 22 85 94 101 55 87 -1
53 63 55 101 27 21 46 86 6 54 15 35 8 62 103 7 52 89 73 -1
83 94 27 95 50 17 39 55 63 12 103 70 104 10 52 100 18 9 19 33 76 -1
22 6 86 28 21 27 105 83 35 49 7 52 89 64 79 72 43 30 -1
1 87 45 2 15 18 93 35 8 63 80 97 0 78 95 68 21 86 51 102 24 85 -1
106 73 79 72 44 82 99 76 33 19 3 15 2 45 53 90 91 52 89 96 -1
19 85 94 27 17 65 50 68 95 78 39 55 45 53 90 49 52 10 25 70 103 12 -1
69 43 72 36 5 42 96 64 92 9 19 85 94 27 17 75 68 21 28 -1
102 24 54 15 2 45 38 55 101 27 21 86 51 31 19 3 34 35 8 12 74 -1
37 10 52 100 93 3 34 35 8 12 60 41 103 62 53 63 2 15 66 -1
29 30 44 92 67 93 35 8 12 63 2 15 3 19 33 99 -1
106 73 64 92 9 23 19 24 86 21 46 51 31 33 82 26 29 -1
86 6 3 93 100 52 10 40 57 106 73 79 72 43 30 44 92 18 9 19 102 88 -1
4 108 72 44 82 33 31 71 102 24 54 15 2 35 49 52 89 42 -1
80 38 12 103 70 84 104 41 47 58 97 87 45 53 90 49 52 89 106 -1
95 27 105 83 35 49 52 89 106 57 10 70 16 74 58 80 45 2 15 54 22 -1
108 72 92 9 3 81 94 83 35 49 91 100 93 66 6 86 46 -1
40 57 106 73 79 48 92 18 15 2 45 87 56 17 27 94 85 -1
108 72 92 18 34 83 105 27 21 86 71 102 24 54 15 2 63 38 74 -1
101 55 87 56 61 0 80 38 53 90 91 52 89 11 64 92 18 15 2 45 -1
88 51 86 21 27 101 55 45 2 35 93 100 91 90 53 38 87 56 17 75 -1
72 92 18 15 2 45 55 39 65 17 68 21 86 51 88 102 33 99 -1
86 21 68 20 95 27 94 85 19 33 14 69 43 72 79 73 106 57 40 -1
86 24 19 82 44 48 92 18 34 83 94 101 55 63 8 49 52 89 11 5 -1
9 93 35 8 12 41 70 10 57 42 5 77 107 36 64 96 89 52 7 103 -1
70 103 12 63 55 101 27 21 28 86 6 3 98 18 15 2 45 38 74 -1
84 7 52 100 67 92 64 11 106 57 40 -1
108 72 92 18 15 2 45 87 56 65 50 13 32 27 94 85 3 9 -1
70 10 52 89 11 79 48 92 18 15 2 45 87 1 0 80 38 53 90 91 -1
68 95 27 94 85 66 18 92 64 96 42 89 52 100 93 3 15 2 45 87 56 61 -1
9 3 85 94 27 95 20 17 39 55 45 2 15 18 92 48 107 -1
34 83 105 27 95 50 68 59 21 86 6 3 93 100 52 10 57 -1
26 82 19 85 94 27 17 56 87 38 12 103 70 10 52 100 18 9 23 33 99 -1
31 24 54 15 2 63 12 16 103 62 8 35 93 67 92 72 79 64 89 52 7 84 -1
92 18 66 22 85 94 27 32 13 21 86 6 54 34 2 45 87 0 78 95 59 28 -1
83 94 27 17 78 39 55 63 12 103 7 40 57 106 73 79 72 43 29 -1
84 70 103 12 63 55 39 87 38 53 90 91 49 7 104 10 52 89 64 79 48 -1
92 64 109 89 52 10 70 16 12 63 55 39 65 50 13 21 86 51 102 14 -1
75 17 56 87 97 80 45 2 15 18 92 44 26 29 -1
31 19 9 18 100 52 7 25 40 57 42 5 11 64 92 67 93 35 8 62 47 -1
102 31 23 9 93 3 22 85 94 27 95 50 17 39 55 63 8 90 49 52 89 42 -1
43 72 92 18 15 35 49 7 104 70 16 12 63 55 39 17 95 68 -1
60 12 8 35 34 54 85 94 2 45 38 74 41 7 52 89 73 79 72 43 30 -1

36 64 92 18 34 83 94 2 45 53 62 8 35 15 54 6 86 -1
11 64 92 18 3 6 86 81 85 66 93 100 52 10 40 57 106 73 79 72 43 30 -1
19 85 94 27 17 65 50 68 95 78 39 55 45 53 8 35 34 54 6 86 46 -1
75 17 39 55 63 8 49 52 89 96 64 92 18 15 2 45 -1
0 87 55 101 94 85 19 33 76 99 82 44 72 79 73 106 11 64 92 9 23 -1
100 91 8 63 53 90 49 52 89 64 36 4 107 48 44 82 19 102 71 -1
82 26 72 108 36 64 89 52 91 35 15 54 85 94 27 32 -1
66 85 94 27 17 68 21 86 81 105 83 2 45 55 39 78 0 97 58 74 16 -1
1 87 45 2 15 18 93 35 8 63 80 97 58 74 16 70 84 7 52 100 67 -1
36 72 92 67 98 18 66 34 35 8 12 41 70 10 52 89 73 79 48 44 43 -1
32 27 94 85 19 82 26 30 43 72 79 64 89 52 7 49 35 15 54 6 86 28 -1
22 6 86 28 21 68 75 17 27 94 85 19 9 92 64 96 42 73 89 52 7 25 -1
101 94 105 83 15 18 92 72 108 48 44 82 19 85 81 86 21 27 17 56 -1
91 49 7 25 10 52 100 93 34 83 94 27 95 20 17 39 55 45 2 15 18 67 -1
12 63 55 101 27 59 21 86 6 3 18 92 64 11 -1
74 38 63 2 83 3 19 33 99 82 23 9 93 35 8 12 41 104 70 103 -1
90 49 52 89 109 64 36 107 5 42 57 10 70 103 12 63 55 101 27 21 28 -1
27 101 55 63 12 47 62 8 35 34 2 45 38 74 16 -1
22 85 94 27 17 65 61 0 87 38 53 90 49 52 89 11 64 92 18 15 2 45 -1
32 27 94 85 19 82 26 29 43 44 92 67 93 35 8 12 103 70 25 -1
83 94 27 95 50 17 39 55 63 12 103 62 8 35 34 54 6 86 46 -1
37 10 52 100 93 3 34 35 8 12 60 41 74 58 97 0 78 95 59 28 -1
69 43 72 36 5 42 96 64 92 9 19 102 71 86 81 94 2 15 54 22 31 -1
102 24 54 15 2 63 38 55 101 27 21 86 51 46 28 59 95 78 0 97 -1
88 51 86 21 27 101 55 39 65 50 13 32 17 56 87 45 2 83 3 9 -1
74 12 62 91 52 89 64 92 44 82 99 33 31 88 102 19 9 18 -1
23 19 24 86 21 46 51 102 33 82 26 29 43 72 79 73 106 57 40 -1
103 7 52 89 73 64 92 9 19 102 71 86 21 27 101 55 38 74 -1
40 57 106 73 79 48 92 18 15 2 45 87 1 0 80 38 53 90 91 -1
96 64 92 67 93 35 8 53 90 49 52 10 57 106 73 79 72 44 82 19 24 -1
72 92 18 15 2 45 55 39 65 17 27 105 94 85 19 82 44 48 36 -1
101 55 87 0 61 1 97 58 74 16 70 10 57 106 89 52 91 35 83 94 27 59 -1
81 94 83 35 49 91 100 93 3 6 86 46 51 102 19 9 92 64 96 42 -1
95 27 94 83 35 49 52 89 106 57 7 103 62 91 100 18 92 64 11 -1
14 102 51 86 21 68 20 95 27 94 85 3 9 93 35 8 12 16 -1
102 19 82 44 72 108 48 92 18 15 2 45 87 56 17 68 -1
45 2 83 3 19 33 76 31 23 9 18 100 52 7 104 37 57 106 89 -1
58 80 55 101 94 6 54 34 35 8 12 60 74 38 45 2 83 3 85 -1
80 45 2 15 54 22 85 94 101 55 63 38 87 0 61 -1
75 17 56 87 97 80 45 2 15 18 92 44 26 29 43 69 14 102 51 86 21 68 -1
31 22 54 15 2 63 12 16 70 10 52 89 73 79 72 36 5 42 57 37 84 -1
58 38 45 2 83 3 19 33 76 102 51 86 21 68 20 -1
31 19 9 18 100 52 7 25 40 57 106 73 79 72 44 82 33 -1
17 27 94 85 19 23 9 18 34 54 6 86 21 13 28 46 51 31 22 -1
84 70 103 12 63 55 39 87 38 74 41 104 7 52 89 64 -1
95 27 94 83 15 18 92 64 96 42 5 77 107 36 79 73 89 52 7 41 -1
92 64 109 89 52 10 70 16 12 63 55 39 17 50 13 21 86 51 102 76 -1
98 3 6 86 28 21 27 101 55 80 45 2 15 18 92 48 107 -1
14 33 19 9 18 100 52 10 40 7 103 12 63 55 39 78 -1
103 16 74 58 38 53 90 91 52 89 73 64 92 18 34 83 94 27 95 20 -1
47 41 7 57 42 5 11 64 92 18 66 85 19 33 99 69 14 31 22 3 67 -1
75 17 39 55 63 8 90 53 38 87 56 65 50 95 59 27 94 83 35 49 7 84 -1
60 12 8 35 34 3 19 33 99 82 23 9 18 15 83 94 27 95 50 -1
36 72 44 82 19 102 88 31 33 99 69 43 29 30 -1
40 10 52 100 67 3 81 6 24 31 14 33 19 9 93 35 8 62 103 7 37 -1
75 17 39 55 63 8 49 52 89 11 64 92 18 15 83 94 27 95 20 -1

22 85 94 27 17 65 61 0 80 38 53 90 49 52 89 11 64 92 18 3 6 86 -1
108 72 92 18 34 83 105 94 101 55 63 53 90 49 35 15 54 6 81 -1
36 64 92 67 98 18 66 9 23 82 26 43 72 79 73 89 52 7 41 60 -1
71 102 19 82 33 31 24 6 94 101 55 87 0 61 1 97 58 74 16 70 10 57 -1
22 6 86 28 21 68 75 17 39 55 63 8 49 52 89 96 64 92 67 -1
74 38 45 2 83 3 19 33 99 76 31 24 6 94 101 55 87 -1
91 35 34 54 85 6 86 51 46 21 27 101 55 87 97 58 74 16 70 84 -1
90 49 52 89 109 64 36 107 5 42 57 10 70 103 12 63 8 91 100 67 -1
43 72 79 73 106 57 42 5 36 48 44 26 29 30 69 14 102 51 86 21 32 -1
95 20 17 27 94 83 15 18 67 100 52 7 84 70 16 74 58 80 -1
36 64 92 18 15 83 94 2 45 53 62 8 35 34 54 6 86 -1
19 85 94 27 17 65 39 55 45 2 15 18 92 72 79 64 89 52 10 70 16 -1
91 52 89 64 36 108 72 26 82 19 85 94 27 17 56 87 45 2 83 105 81 -1
66 85 94 27 17 68 21 86 24 19 23 9 92 64 73 106 -1
53 63 55 101 27 21 46 86 6 54 34 35 8 62 103 12 38 87 56 65 50 -1
27 101 55 63 12 47 62 8 35 34 93 100 52 89 64 92 9 19 31 -1
91 49 7 25 10 52 89 73 106 57 37 84 70 103 41 104 40 -1
1 87 45 2 15 18 93 35 8 63 80 97 58 74 12 62 91 52 89 106 -1
83 94 27 95 50 68 59 21 86 6 3 18 92 64 11 89 52 91 90 53 45 -1
4 36 64 89 52 49 8 63 12 103 7 41 74 38 55 101 27 21 28 -1
106 73 79 72 44 82 99 76 33 19 9 18 100 52 7 104 41 12 -1
12 63 55 101 27 59 95 17 56 87 39 65 50 13 21 86 24 19 9 -1
75 17 27 94 85 19 9 92 64 96 42 5 36 72 44 82 33 102 71 -1
29 26 44 92 67 93 35 8 12 103 70 25 7 52 100 18 9 19 31 -1
15 83 94 27 21 68 17 56 87 80 45 2 34 18 92 44 43 29 -1
102 24 54 15 2 45 38 55 101 27 21 86 51 31 19 9 93 100 52 10 40 -1
81 105 27 17 78 39 55 63 12 16 103 62 91 52 89 11 -1
30 43 72 79 73 106 57 40 10 52 89 64 36 48 92 67 93 35 8 62 103 70 -1
37 10 52 100 93 3 83 2 45 38 74 60 12 8 35 34 54 85 -1
4 36 72 44 82 33 31 71 102 24 54 15 2 35 91 52 89 42 -1
102 24 54 15 35 49 91 100 93 3 6 86 46 51 31 19 9 92 64 96 42 -1
95 27 94 83 35 91 52 89 106 73 64 92 18 3 15 2 45 53 62 103 7 40 -1
68 50 65 17 27 105 94 101 55 80 58 38 45 2 83 3 19 33 76 -1
45 53 90 91 52 89 96 64 92 18 15 83 94 27 95 -1
88 51 86 21 27 101 55 63 12 41 104 7 52 89 64 73 106 57 37 84 -1
10 52 91 35 83 94 27 95 17 39 55 45 2 15 18 92 64 96 42 -1
7 52 89 73 79 72 43 30 44 92 18 9 19 102 88 31 24 54 15 35 91 -1
86 21 68 20 95 27 94 85 19 33 14 69 43 72 79 73 106 57 40 -1
8 35 34 3 19 33 23 9 18 100 52 7 25 40 57 42 5 -1
70 103 12 63 55 101 27 21 28 86 6 3 98 18 15 2 45 38 74 -1
101 94 83 15 18 92 48 79 64 89 52 91 90 53 38 87 56 -1
102 19 82 44 72 108 48 92 9 23 33 99 69 30 -1
44 92 18 100 91 49 52 89 73 79 48 72 26 82 19 85 94 101 55 87 1 -1
101 94 83 35 49 52 89 42 5 11 106 57 7 103 47 -1
9 3 85 94 27 95 20 17 39 55 45 2 15 66 18 92 64 96 42 -1
99 33 19 9 18 100 52 10 70 103 12 38 87 56 39 55 63 8 49 7 57 106 -1
83 105 27 17 78 39 55 63 8 53 38 80 0 97 58 74 41 7 57 42 5 77 -1
75 17 56 87 97 80 45 2 15 18 92 72 43 29 30 44 48 79 73 106 57 40 -1
84 70 103 12 63 55 39 87 38 74 41 104 7 49 91 62 47 16 -1
94 2 63 12 38 55 101 27 32 21 86 6 54 3 18 92 48 107 77 5 42 96 -1
92 64 109 89 52 10 70 16 12 63 55 39 65 50 13 32 27 94 85 22 54 15 -1
89 64 92 44 82 99 33 102 88 51 86 21 27 17 65 39 55 63 12 103 7 40 -1
75 17 39 55 63 8 90 35 83 105 27 21 28 59 95 78 0 97 58 47 103 -1
81 3 18 92 48 44 82 19 24 6 94 27 17 78 39 55 63 12 103 7 40 -1
53 8 35 93 67 92 64 11 89 52 91 62 12 63 55 39 17 75 50 -1
14 31 24 6 81 3 67 92 44 43 69 99 33 19 85 94 27 17 78 -1

0 87 55 101 94 85 19 33 76 69 43 72 79 73 106 89 64 92 9 23 -1
82 26 72 108 48 92 18 34 83 105 94 101 55 63 8 49 35 93 3 81 -1
74 38 45 2 83 3 19 33 99 76 102 24 85 94 101 55 87 -1
12 63 55 101 27 59 21 86 6 66 18 92 64 11 -1
91 49 7 25 10 52 89 73 42 96 64 92 9 19 85 94 27 17 65 -1
91 35 15 54 85 6 86 81 3 93 100 52 10 37 57 106 89 -1
66 18 92 72 43 44 48 79 73 106 57 10 52 91 35 83 94 27 59 -1
100 91 8 63 2 34 18 92 72 108 4 107 48 44 82 19 102 71 -1
22 85 94 27 17 65 61 0 87 55 101 -1
27 101 55 63 12 47 62 8 35 34 2 45 38 87 56 17 68 21 86 51 -1
43 72 79 73 89 52 10 70 41 12 63 2 15 66 85 94 27 17 68 21 86 81 -1
32 27 94 85 19 82 26 29 43 72 92 18 93 35 8 12 41 104 70 103 -1
32 27 94 85 19 82 26 30 43 72 108 5 42 57 40 10 52 100 93 3 6 86 -1
1 87 45 2 15 18 93 35 8 63 80 97 58 74 16 70 84 7 52 100 67 -1
53 63 55 101 27 21 46 86 6 54 15 35 8 62 103 12 38 87 56 65 50 -1
22 6 86 28 21 68 75 17 27 94 85 3 9 92 64 96 89 52 100 67 -1
95 20 17 27 94 85 3 67 100 52 10 40 57 106 73 79 48 -1
90 49 52 89 109 64 36 107 5 42 57 10 70 103 62 8 35 93 67 92 48 -1
36 64 92 67 98 18 66 93 100 52 89 42 5 108 72 43 69 76 102 51 86 21 -1
83 94 27 95 50 17 39 55 45 2 34 35 8 12 16 74 58 97 0 78 -1
36 72 92 18 34 83 94 2 35 8 62 12 16 70 10 52 100 93 9 23 31 -1
53 38 87 56 17 68 50 65 39 55 45 2 15 18 92 72 79 64 89 52 7 84 -1
56 17 27 94 81 86 21 68 95 78 39 55 63 12 103 7 40 -1
82 19 85 94 101 55 87 45 2 15 18 92 72 108 79 73 106 -1
75 17 27 94 85 19 3 15 2 45 87 56 39 55 63 8 35 93 18 92 48 -1
7 49 35 83 94 27 21 28 59 95 17 39 55 63 12 103 70 25 -1
71 102 19 9 92 64 96 42 89 52 91 35 2 15 54 85 94 27 32 -1
88 51 86 21 27 101 55 63 8 49 52 10 70 103 62 53 90 35 93 67 -1
51 86 21 27 101 55 87 97 80 63 8 91 52 89 106 57 10 70 16 74 -1
103 7 52 89 73 64 92 9 19 102 71 86 21 27 101 55 38 74 -1
99 33 19 3 34 35 8 12 63 55 39 17 75 50 65 0 97 -1
102 24 54 34 35 49 91 100 93 3 6 86 46 51 31 19 9 92 64 96 42 -1
11 89 52 49 90 53 38 87 0 61 1 97 58 74 16 70 10 57 -1
45 53 8 91 52 89 96 64 92 9 3 85 94 27 95 -1
7 52 89 73 79 72 43 30 44 92 18 9 19 102 88 31 24 54 34 35 91 -1
23 19 24 86 21 46 51 102 33 82 26 29 43 44 92 18 100 91 49 -1
9 93 35 8 12 41 60 74 38 63 2 83 3 85 94 27 17 65 61 0 80 -1
45 2 94 6 81 105 27 101 55 80 58 38 63 8 35 34 3 19 33 76 -1
86 21 68 20 95 27 94 85 19 33 14 69 43 72 79 73 106 57 40 -1
86 24 19 82 44 48 92 18 15 2 45 87 1 0 80 38 53 90 91 -1
104 7 52 100 18 9 19 33 76 102 51 86 21 68 20 17 39 55 45 -1
51 102 24 85 66 18 92 64 11 89 52 91 90 53 45 2 15 54 22 31 -1
80 55 101 94 85 22 54 15 2 63 8 91 52 89 96 42 5 77 -1
9 3 85 94 27 32 13 50 17 56 87 39 78 95 59 -1
26 82 19 85 94 27 17 56 87 38 12 103 70 10 52 100 18 9 23 33 99 -1
31 19 9 18 100 52 7 25 40 57 106 73 79 72 44 82 33 -1
98 3 6 86 28 21 27 101 55 80 58 74 16 103 7 52 89 96 64 79 73 42 -1
89 64 92 44 82 99 33 102 88 31 76 69 43 72 36 -1
29 43 72 79 73 106 57 40 7 103 12 63 55 39 65 17 27 105 -1
47 62 91 52 89 42 5 11 106 57 40 25 7 49 35 93 67 3 81 -1
75 17 39 55 63 8 90 35 83 94 27 21 28 59 95 78 -1
77 5 42 57 10 70 41 7 52 89 73 79 72 43 30 44 92 18 15 2 45 38 -1
6 94 101 55 39 87 38 53 90 91 49 7 84 25 10 52 100 93 3 81 86 -1
75 17 39 55 63 8 49 52 89 11 64 92 9 19 24 86 21 13 -1
13 32 27 94 85 22 54 15 2 63 38 53 90 91 52 89 106 73 79 72 26 -1
80 45 2 15 18 92 44 26 29 43 69 76 102 51 86 21 68 17 39 55 38 74 -1

83 94 27 95 50 65 39 55 63 12 103 7 52 89 73 42 96 64 92 9 19 -1
90 49 52 89 109 64 36 107 5 42 57 10 70 103 12 63 8 91 100 67 -1
108 72 92 18 34 83 105 94 101 27 21 86 24 19 82 26 -1
36 64 92 67 98 18 66 85 94 27 17 68 21 86 81 105 83 2 45 55 39 78 -1
53 63 55 101 27 21 46 86 81 94 83 35 8 62 103 70 104 41 12 -1
32 21 86 24 19 82 26 29 30 44 92 67 93 35 8 12 63 55 101 27 59 -1
91 52 89 64 36 108 72 92 18 66 85 81 94 27 17 56 -1
11 64 92 18 15 83 105 27 59 95 17 56 87 55 101 94 85 19 33 99 -1
43 72 36 5 42 57 10 52 100 67 3 6 66 18 92 64 89 -1
85 54 15 35 91 49 7 25 70 103 12 63 2 83 3 19 33 99 -1
0 87 55 101 94 85 19 33 76 69 43 72 79 73 106 89 64 92 9 23 -1
11 64 92 18 66 6 86 81 3 93 100 52 10 37 57 106 89 -1
75 17 39 55 63 8 49 52 89 96 64 92 67 3 85 94 27 59 68 20 95 -1
27 101 55 63 12 47 62 8 35 34 2 45 38 74 16 103 7 52 100 18 15 83 -1
43 72 79 64 89 52 10 70 41 12 8 35 93 66 18 92 44 26 -1
22 6 86 28 21 27 94 83 35 49 7 52 89 64 92 44 30 -1
22 6 94 27 17 65 61 56 87 55 101 -1
71 102 19 82 23 9 18 15 2 45 87 97 58 80 55 101 94 6 -1
74 38 63 2 83 3 19 33 99 76 102 88 71 86 21 27 101 55 -1
1 87 45 2 15 18 92 44 30 26 72 108 5 42 57 40 -1
4 36 64 89 52 91 8 63 2 15 54 22 6 94 101 55 80 58 74 16 70 84 -1
86 6 3 93 100 52 10 40 57 42 5 108 48 44 82 19 85 94 27 95 20 -1
4 36 72 44 82 33 102 71 31 19 9 92 64 96 42 89 52 49 35 -1
75 17 27 94 85 19 3 15 2 45 87 1 0 80 63 8 35 93 18 92 48 -1
15 83 94 27 21 86 24 19 23 9 93 35 2 45 55 39 17 -1
101 55 63 8 49 35 83 94 81 3 18 92 48 -1
53 63 55 39 17 68 50 65 56 87 45 2 15 18 92 72 -1
69 43 72 36 5 42 96 64 92 18 3 6 86 46 21 27 94 83 35 49 -1
75 68 21 28 59 27 101 55 63 12 103 70 10 52 89 64 79 48 -1
73 89 52 7 25 10 70 103 62 53 8 35 93 67 92 64 96 42 57 37 84 -1
11 89 52 49 90 53 38 87 56 61 0 80 63 12 103 7 57 -1
45 63 8 49 52 89 96 42 5 77 107 36 64 11 106 57 10 70 41 60 -1
95 17 39 55 63 8 49 52 89 106 57 10 70 41 60 58 97 -1
51 86 21 27 101 55 87 97 58 74 16 70 84 7 103 12 63 80 0 39 -1
102 19 82 44 72 108 79 73 106 89 52 91 62 12 74 38 45 2 15 18 98 -1
9 93 35 8 12 41 74 58 97 0 87 45 2 34 83 94 27 95 50 68 59 -1
14 33 19 85 94 27 95 20 68 21 86 6 3 9 -1
88 102 19 9 18 92 64 109 89 52 10 70 16 12 63 55 39 78 -1
51 86 6 85 54 15 35 8 12 60 74 38 45 2 83 3 34 -1
24 19 33 23 9 93 35 8 63 55 39 78 0 87 38 12 103 7 40 -1
45 2 83 3 19 33 76 69 43 72 79 73 106 57 37 104 7 52 89 -1
9 3 6 86 21 13 50 17 56 87 45 2 15 54 85 94 27 32 -1
56 87 45 2 15 18 92 48 44 82 19 24 31 33 99 69 43 72 79 64 89 -1
91 100 18 9 19 102 88 31 33 82 44 72 36 64 92 67 3 85 94 27 59 -1
26 82 19 85 94 27 17 56 87 38 12 103 70 10 52 100 18 9 23 31 88 -1
31 19 3 34 35 8 12 16 70 10 52 89 64 79 72 36 5 42 57 37 84 -1
31 19 9 18 100 52 7 25 40 57 42 5 11 64 92 67 3 85 94 101 -1
58 38 63 2 83 3 19 33 76 102 51 86 21 68 20 17 39 55 45 -1
98 18 66 6 86 28 21 27 101 55 80 58 38 45 2 94 105 -1
75 17 39 87 97 80 45 2 15 18 92 44 26 29 43 72 108 5 42 57 40 -1
14 33 19 9 18 100 52 10 40 7 103 12 63 55 39 65 17 27 21 86 71 88 -1
75 17 39 55 63 8 90 35 83 94 27 21 28 59 95 78 -1
47 103 7 57 42 5 11 64 92 18 15 83 94 27 95 50 68 21 86 6 22 -1
71 102 19 9 92 64 73 89 52 91 35 83 94 27 21 -1
13 32 27 94 85 22 54 15 2 63 38 53 8 35 93 18 92 44 30 -1
65 17 27 105 83 15 18 92 64 96 73 79 72 44 82 19 24 86 21 68 50 75 -1

32 21 86 24 19 82 26 29 30 44 92 67 93 35 2 63 8 91 100 -1
66 85 94 27 17 68 21 86 81 105 83 2 45 87 56 -1
71 102 19 82 33 31 24 6 94 101 27 105 83 34 18 92 72 108 48 44 26 -1
106 73 79 72 43 69 76 33 19 85 94 101 55 87 0 97 58 60 41 -1
27 101 55 63 12 47 62 8 35 34 2 45 38 53 90 91 100 18 9 19 102 -1
36 64 92 18 98 93 66 85 19 82 26 43 72 79 73 106 57 -1
74 38 45 2 83 3 19 33 99 76 102 24 85 94 101 55 87 -1
1 87 45 2 34 18 93 35 8 53 38 58 97 80 55 101 94 83 15 -1
85 54 34 35 91 100 18 92 72 108 48 44 82 19 24 6 81 94 27 17 78 -1
11 64 92 18 15 83 105 27 59 95 17 39 55 63 12 -1
95 20 32 21 86 6 3 67 92 64 96 89 52 49 8 63 55 39 17 75 -1
90 91 52 89 109 64 36 107 5 42 57 10 70 103 12 63 -1
36 72 92 18 34 83 94 2 35 8 62 53 63 55 101 27 21 86 -1
22 85 94 27 17 65 61 0 87 55 101 -1
22 6 86 28 21 32 20 75 17 27 94 85 19 3 83 2 45 55 39 65 50 68 -1
11 64 92 18 66 6 86 81 3 93 100 52 10 40 57 42 5 108 72 26 30 -1
4 36 64 89 52 91 8 63 2 83 3 22 85 94 101 55 80 58 74 16 70 84 -1
53 63 55 101 27 21 46 86 6 54 15 35 90 62 103 70 10 52 89 73 42 -1
91 52 10 25 7 57 106 73 64 92 9 19 102 71 31 33 82 44 72 108 4 77 -1
29 30 44 92 18 93 35 8 12 103 70 104 37 57 106 73 79 72 43 69 76 -1
7 49 35 83 94 27 21 28 59 95 17 39 55 63 12 103 70 -1
101 55 63 8 49 35 34 3 19 102 31 23 9 92 64 73 106 -1
19 9 92 64 73 42 5 36 72 43 69 76 31 22 3 67 100 52 7 84 -1
53 45 55 39 17 68 21 86 24 19 82 26 29 43 72 79 73 106 57 40 -1
34 35 8 12 16 74 58 97 0 78 17 27 94 83 15 18 92 48 107 -1
37 10 52 100 93 3 34 35 8 12 60 74 38 55 101 94 85 19 33 99 -1
66 15 2 63 12 41 7 52 100 18 9 3 85 94 27 32 13 68 17 56 87 -1
82 19 85 94 101 55 87 45 2 15 18 92 72 108 -1
81 105 27 17 39 55 63 12 103 70 84 7 41 74 58 97 -1
7 52 100 18 92 44 30 43 72 79 73 106 57 10 70 41 12 63 55 39 65 56 -1
71 102 24 54 15 2 35 91 52 89 42 73 64 92 18 3 85 94 27 17 50 -1
95 50 17 39 55 63 12 103 7 52 89 96 64 92 18 15 2 45 -1
40 57 106 73 79 48 44 82 19 24 86 6 3 93 100 52 7 84 -1
95 27 94 83 35 49 52 89 106 57 10 70 16 74 38 63 2 15 54 24 102 71 -1
25 70 103 12 8 35 34 3 19 31 24 54 15 2 63 38 74 16 47 62 -1
51 86 21 27 101 55 87 97 0 78 17 75 68 59 95 50 65 61 56 1 -1
23 19 24 86 21 27 101 55 80 45 2 15 18 92 44 30 29 26 82 33 31 88 -1
81 94 83 35 49 8 63 55 101 27 21 46 51 102 24 85 3 9 92 64 11 5 -1
11 89 52 49 8 63 80 0 61 56 87 38 12 103 7 57 -1
45 53 90 91 52 89 11 64 92 18 15 83 94 27 17 75 -1
58 80 55 101 94 6 54 34 35 8 12 60 74 38 87 56 17 68 21 86 -1
19 85 94 27 17 56 87 45 2 15 18 92 48 79 73 89 52 10 70 -1
14 102 51 86 21 68 20 95 27 94 85 3 9 93 35 8 12 16 -1
91 35 15 54 24 102 88 31 33 99 82 44 92 64 89 52 10 70 -1
26 82 19 85 94 27 17 56 87 45 2 15 18 98 3 6 86 28 -1
92 64 109 89 52 10 70 16 103 7 57 106 73 79 72 -1
1 87 45 2 15 18 92 48 79 64 89 52 49 35 83 94 27 59 68 -1
34 83 94 27 95 50 68 21 86 24 19 82 44 92 18 100 91 49 90 -1
17 27 94 85 19 23 9 18 15 2 45 87 38 12 103 70 84 -1
47 103 7 57 42 5 11 89 52 10 25 70 16 12 8 35 93 67 -1
14 33 19 9 18 100 52 10 40 57 106 73 64 92 67 93 35 8 53 -1
43 72 92 18 15 54 22 85 94 27 32 13 21 86 6 3 34 35 49 7 84 -1
77 5 42 96 64 92 18 15 83 94 2 35 49 7 40 -1
77 5 42 57 7 41 12 8 35 93 67 3 81 85 19 33 14 -1
58 80 55 101 27 21 28 86 6 54 15 35 90 53 38 87 56 61 65 50 13 -1
57 10 52 49 35 83 94 27 59 21 86 6 66 18 92 64 36 -1

91 52 89 11 79 108 72 26 82 19 102 71 31 23 9 92 64 36 4 -1
53 63 55 101 27 21 46 86 6 54 15 35 8 62 103 12 38 87 56 65 50 -1
90 49 52 89 109 64 36 107 5 42 57 10 70 103 12 63 8 91 100 67 -1
108 72 92 9 3 81 105 27 101 94 85 19 82 23 31 22 54 15 2 63 38 87 -1
4 36 64 89 52 91 8 63 2 35 93 67 92 44 26 29 -1
91 49 7 25 10 70 103 12 63 55 39 17 95 20 68 59 27 94 2 35 93 67 -1
32 27 94 85 19 82 26 30 43 72 108 5 42 57 40 7 49 35 15 54 6 86 -1
66 85 19 82 26 43 72 108 5 42 57 7 41 12 63 2 15 3 9 -1
1 87 45 2 15 18 93 35 8 63 80 97 58 74 16 70 84 7 52 100 67 -1
106 11 79 72 43 69 76 102 24 6 94 101 55 87 0 80 63 8 -1
66 85 94 27 17 68 21 86 81 6 54 15 2 63 38 87 56 -1
22 85 94 27 17 65 61 0 80 63 8 91 52 89 11 64 92 9 19 24 86 -1
75 17 39 55 63 8 49 52 89 96 64 92 67 100 91 62 103 7 40 -1
22 24 86 28 59 27 94 2 35 49 7 52 89 73 42 5 36 72 43 69 -1
92 9 3 6 86 21 27 94 85 19 23 82 26 72 79 11 106 -1
32 27 94 85 19 82 26 29 43 44 92 67 93 35 8 12 41 104 -1
27 101 55 63 12 47 62 8 35 34 2 45 38 74 16 70 7 52 100 18 15 83 -1
11 89 52 91 35 2 94 27 59 95 17 56 87 -1
74 38 63 2 83 3 19 33 99 76 102 24 85 94 101 55 87 56 65 50 13 -1
91 35 15 54 3 9 92 72 108 107 77 5 42 57 7 41 60 12 63 2 94 85 -1
36 72 92 67 98 3 66 15 2 45 63 8 49 52 89 96 -1
105 94 101 55 45 2 15 54 24 102 88 31 19 9 93 100 91 52 89 11 79 48 -1
75 68 59 28 21 27 101 55 63 12 103 70 10 52 89 11 79 48 44 -1
81 105 27 17 78 39 55 63 12 16 47 62 8 35 15 54 22 31 -1
94 83 35 8 62 91 52 89 106 57 7 103 12 63 55 39 17 95 50 -1
101 55 63 8 49 35 15 54 85 81 3 9 92 48 108 5 42 57 40 -1
53 63 55 39 17 68 50 65 56 87 45 2 15 18 92 72 -1
37 7 49 35 15 3 18 9 19 102 88 31 33 99 82 44 92 67 100 91 62 12 -1
75 17 27 94 85 19 3 15 2 45 87 1 97 80 63 8 35 93 67 92 48 -1
93 100 52 10 40 57 42 5 108 72 43 69 14 102 51 86 21 68 20 -1
74 12 62 91 52 89 64 92 9 3 6 94 2 45 63 8 35 15 54 24 102 76 -1
101 55 87 0 61 1 97 58 60 41 7 57 106 89 64 92 44 -1
103 7 52 89 73 42 57 10 25 70 16 12 63 2 15 54 22 31 -1
71 102 24 54 15 2 45 55 39 78 17 27 94 83 34 18 92 72 108 107 -1
51 86 21 27 101 55 87 97 80 45 2 15 18 92 44 26 29 -1
71 102 19 9 92 64 11 42 89 52 100 93 3 6 86 46 21 27 94 2 35 49 -1
58 80 55 101 94 6 81 105 27 17 39 87 45 63 12 103 70 84 -1
104 7 52 89 64 92 44 82 99 76 102 24 54 15 2 45 38 58 -1
9 3 6 86 21 13 32 27 94 85 22 54 15 2 45 55 39 65 50 -1
56 87 45 2 15 18 92 48 44 82 19 24 86 6 3 93 100 52 7 84 -1
103 70 104 41 12 63 55 45 53 8 49 7 37 57 106 89 64 92 9 19 102 51 -1
51 102 24 85 54 15 35 90 8 63 55 39 17 75 50 95 27 94 83 34 -1
8 35 34 3 19 33 23 9 18 100 52 7 25 40 57 42 5 -1
30 44 92 18 100 52 89 106 57 7 41 74 38 55 101 27 21 86 71 -1
24 86 21 27 94 2 35 49 52 89 73 64 92 72 79 11 109 -1
9 3 85 94 27 95 20 17 39 55 45 87 56 65 50 68 59 -1
95 27 94 83 35 91 52 89 96 42 5 77 107 108 72 43 69 14 31 22 6 81 -1
26 82 19 85 94 27 17 56 87 38 12 103 70 10 52 100 18 9 23 33 99 -1
98 3 6 86 28 21 27 101 55 80 58 38 63 8 49 52 89 73 -1
47 41 7 57 42 5 36 72 92 18 34 83 94 27 95 50 65 61 -1
29 43 72 108 5 42 57 40 7 103 12 63 55 39 78 -1
76 102 51 86 21 68 20 95 27 94 85 19 82 44 -1
36 72 44 82 19 102 88 51 86 21 68 50 65 17 27 105 -1
53 90 49 52 10 70 103 62 8 35 15 54 6 94 2 63 12 60 -1
60 12 63 2 15 3 19 33 99 82 44 72 36 5 42 57 10 70 16 74 -1
57 10 52 49 35 83 94 27 59 95 17 39 55 63 12 103 70 84 -1

11 64 92 18 3 6 86 24 54 15 35 49 7 40 57 42 5 108 72 43 30 -1
0 87 55 101 94 85 19 33 76 69 43 72 79 11 106 89 64 92 9 23 -1
74 38 45 2 83 3 19 33 99 76 102 24 85 94 101 55 87 -1
85 54 15 35 91 49 7 25 70 103 12 63 55 101 27 59 -1
101 94 105 83 15 18 92 72 108 36 64 89 52 91 35 34 54 24 102 88 -1
100 91 8 63 2 15 18 92 48 107 4 36 72 44 82 19 102 71 -1
82 26 72 108 36 64 92 18 3 81 105 27 17 68 21 86 6 66 -1
22 6 94 27 17 65 61 0 87 55 101 -1
53 63 55 101 27 21 46 86 6 54 15 35 91 62 103 7 52 89 73 42 -1
90 49 52 89 109 64 36 107 5 42 57 7 70 103 12 63 55 101 27 59 28 -1
19 85 94 27 17 65 50 68 95 78 39 55 63 53 8 35 34 18 92 64 109 -1
22 6 86 28 59 68 75 17 39 55 63 8 49 52 89 96 64 92 67 -1
11 64 92 18 3 85 94 27 59 68 17 39 87 45 2 15 66 9 23 82 -1
1 87 45 2 15 18 34 35 8 63 80 97 58 74 16 70 84 7 52 100 67 -1
43 72 79 11 89 52 7 41 12 63 2 15 66 18 98 67 92 64 36 -1
27 101 55 63 12 47 62 8 35 34 2 45 38 87 56 17 68 21 86 51 -1
32 21 86 24 19 82 26 30 43 72 79 64 89 52 7 41 12 63 2 15 66 9 -1
83 94 27 95 50 17 39 55 63 12 103 70 104 7 52 89 64 92 9 19 33 76 -1
95 20 17 39 55 45 2 15 18 67 100 91 8 53 62 103 7 10 25 -1
32 21 86 24 19 82 26 29 43 72 92 18 34 35 8 12 -1
63 2 35 93 18 92 72 43 29 26 44 48 36 5 42 57 -1
75 17 27 94 85 19 9 92 64 11 42 5 36 72 43 69 76 31 22 66 18 67 -1
85 6 86 24 19 82 44 48 36 5 42 57 40 7 49 35 93 3 22 31 51 -1
37 7 49 35 15 3 83 2 45 38 74 60 41 12 63 55 87 0 -1
94 83 35 8 62 12 16 74 58 97 87 39 78 17 27 105 81 -1
105 94 101 55 45 2 15 54 24 102 88 31 33 99 82 19 3 34 35 8 12 -1
56 17 27 105 81 94 83 35 49 91 100 93 3 19 102 31 23 9 66 6 86 21 -1
11 89 52 49 35 2 45 87 0 61 65 39 55 63 12 103 7 57 -1
52 100 18 9 19 31 24 54 15 35 49 7 25 10 57 42 73 64 92 -1
51 86 21 27 101 55 87 97 80 63 8 91 52 89 106 11 64 92 18 93 35 90 -1
95 27 94 83 35 91 52 89 106 57 7 41 74 38 63 2 15 3 19 102 71 -1
72 92 18 15 2 45 55 39 65 56 17 27 94 85 19 82 44 48 -1
71 102 19 9 92 64 11 42 89 52 91 8 63 55 39 17 50 68 59 -1
45 63 8 49 52 89 96 64 92 18 34 83 94 27 95 -1
46 86 6 54 15 35 49 7 104 70 16 12 63 2 83 3 22 31 -1
86 21 68 20 95 27 94 85 19 33 14 69 43 72 108 5 42 57 40 -1
101 94 83 15 18 92 48 36 64 89 52 7 70 103 62 8 35 34 3 19 33 99 -1
80 45 2 15 54 22 6 86 28 13 32 27 94 85 3 9 -1
108 72 92 18 15 2 45 87 56 17 32 13 21 27 94 83 34 35 8 63 80 0 -1
58 80 55 101 94 6 54 15 2 63 12 60 74 38 53 8 35 34 3 85 -1
84 70 103 12 63 55 39 17 27 94 85 19 82 26 30 -1
98 3 6 86 28 59 27 101 55 80 58 38 63 2 15 54 24 102 76 -1
26 82 19 85 94 27 17 56 87 38 12 103 70 7 52 89 64 79 72 43 -1
75 17 39 87 97 80 45 2 15 18 92 44 26 29 43 72 36 5 42 57 40 -1
9 3 85 94 27 95 20 68 21 86 24 102 76 31 51 46 28 13 -1
1 87 45 2 15 18 92 48 44 82 19 85 81 6 22 31 14 -1
77 5 42 96 89 52 7 103 16 74 58 38 63 2 15 18 92 64 73 -1
77 5 42 57 7 41 12 63 2 15 54 85 3 34 35 90 53 45 55 39 17 75 -1
33 19 9 18 100 52 7 25 40 57 42 5 11 64 92 67 93 35 8 12 47 -1
71 86 21 27 101 55 63 12 47 62 8 35 93 98 18 15 2 45 38 74 -1
78 39 55 63 8 49 7 40 25 70 103 12 38 87 56 65 17 27 105 -1
71 102 19 9 92 64 73 89 52 91 8 63 55 39 17 20 -1
88 102 24 6 94 27 17 65 39 55 63 12 41 7 52 89 64 79 48 -1
60 12 8 35 34 3 19 33 99 82 44 72 36 5 -1
75 17 27 94 83 34 93 3 6 86 46 51 31 33 82 44 72 108 5 42 57 37 -1
103 12 63 55 39 17 75 50 95 27 94 85 22 54 15 2 45 38 -1

19 85 94 27 17 65 50 68 95 78 39 55 63 53 45 2 15 54 6 86 46 -1
66 85 94 27 17 68 21 86 81 105 83 2 45 87 56 -1
108 72 92 18 66 85 94 105 27 101 55 63 8 49 35 34 54 24 102 -1
27 101 55 63 12 47 62 8 35 34 2 45 38 53 90 91 100 18 66 54 24 102 -1
32 27 94 85 19 82 26 30 43 72 108 5 42 57 40 7 49 35 15 54 6 86 -1
95 20 17 27 94 81 3 67 92 64 96 89 52 49 8 63 55 39 65 50 75 -1
76 102 24 85 94 101 55 39 0 97 58 60 41 7 57 42 5 108 72 43 -1
71 102 19 82 23 9 66 15 2 45 87 56 17 27 94 85 24 31 33 99 -1
92 18 34 83 94 27 21 86 6 54 15 2 45 87 97 58 60 41 7 84 -1
12 63 55 101 27 59 21 86 24 19 9 92 64 11 -1
36 72 92 18 34 83 94 2 45 53 62 8 35 15 54 6 86 81 3 -1
74 38 45 2 94 85 19 33 99 82 23 9 66 34 35 8 12 41 104 -1
4 108 72 92 18 15 2 63 8 35 93 9 23 82 26 29 -1
66 18 92 72 43 26 82 19 85 54 15 35 49 7 70 103 12 63 2 34 3 22 -1
91 49 7 25 10 52 89 73 42 5 108 72 43 69 30 44 92 67 -1
32 27 94 85 19 82 26 29 43 72 92 18 93 35 8 12 103 70 25 -1
36 72 92 18 98 3 66 93 100 52 89 42 5 108 48 44 82 19 102 71 -1
22 54 15 2 63 80 0 61 65 17 27 21 86 24 19 9 92 64 11 -1
1 87 45 2 15 18 9 19 102 88 51 86 21 27 101 55 38 74 58 80 -1
106 42 5 108 72 43 69 76 102 24 85 66 34 35 49 7 104 70 103 -1
90 91 52 89 109 64 36 107 5 42 57 7 70 103 12 8 35 93 18 92 48 -1
83 94 27 95 50 17 39 55 63 12 103 62 8 35 15 54 6 86 46 -1
22 24 86 28 21 27 94 83 35 49 7 52 89 64 92 9 -1
101 94 85 19 82 44 72 108 5 42 57 37 7 52 100 93 3 34 35 8 12 60 -1
81 94 27 17 78 39 55 63 12 16 103 62 8 35 34 2 45 87 56 65 50 -1
75 17 27 94 85 19 24 86 21 13 28 46 51 31 23 9 -1
80 58 60 41 7 84 25 10 52 100 67 93 35 8 53 62 103 -1
106 89 64 92 9 23 31 88 102 24 54 34 35 91 8 63 55 39 -1
4 108 72 44 82 33 31 71 86 21 27 101 55 38 74 12 8 49 52 89 -1
45 53 90 91 52 89 96 42 5 77 107 108 72 92 18 93 35 8 12 41 -1
40 57 42 5 108 48 92 18 15 2 45 87 56 17 27 94 85 19 82 26 -1
101 55 87 0 61 1 97 58 60 41 7 57 42 89 52 91 35 2 94 27 59 -1
103 7 52 89 73 64 11 106 57 37 104 41 12 63 55 38 74 16 70 10 40 -1
10 52 49 35 83 94 27 95 17 39 55 63 12 103 7 57 106 -1
83 2 63 12 16 103 62 8 35 34 54 24 31 19 9 18 100 52 7 25 -1
51 86 21 27 101 55 87 97 58 38 63 8 91 52 89 106 73 64 92 18 3 -1
72 92 18 15 2 45 55 39 65 17 27 21 86 51 88 102 33 99 -1
93 100 52 10 40 57 42 5 108 72 43 69 14 33 19 3 81 94 27 95 20 -1
46 86 6 54 15 35 49 8 63 55 39 17 68 95 27 94 85 19 82 26 29 -1
89 64 92 18 3 6 54 15 35 49 52 10 57 42 5 107 -1
30 44 92 18 34 83 94 27 95 20 68 21 86 24 19 82 26 72 48 -1
29 26 82 19 24 86 21 27 101 55 63 12 47 41 7 57 42 5 -1
45 2 15 54 24 102 76 33 19 85 94 27 95 20 68 21 86 81 3 9 -1
45 53 90 91 52 89 11 64 92 9 3 85 94 27 17 75 50 65 0 97 -1
44 26 29 43 72 108 5 42 57 40 10 52 100 67 92 64 11 79 48 107 77 4 -1
101 94 83 15 18 92 48 44 82 19 3 34 2 45 87 1 56 17 32 13 -1
70 103 12 63 55 101 27 21 28 86 24 85 3 98 18 15 2 45 38 74 -1
99 33 19 3 34 35 49 7 70 103 12 38 87 56 17 27 94 85 54 -1
84 7 103 12 63 55 39 87 38 74 41 104 10 52 49 35 83 94 27 21 28 -1
83 94 27 17 78 39 55 63 12 103 7 40 10 52 49 90 53 38 87 56 65 -1
8 63 80 0 87 45 2 34 18 92 72 108 4 107 48 44 82 19 85 6 -1
81 3 18 92 48 44 82 33 19 9 93 100 52 7 25 -1
58 80 55 101 27 21 28 86 24 54 15 35 90 53 38 87 0 61 65 50 95 59 -1
9 92 64 96 42 89 52 100 93 3 6 86 46 28 59 95 78 0 87 38 12 103 -1
89 64 92 44 82 99 33 19 3 34 35 8 12 60 -1
78 17 27 105 94 101 55 39 65 56 87 38 12 41 -1

108 72 26 82 19 102 71 31 23 9 92 64 36 4 77 5 11 89 52 91 8 63 -1
36 64 92 9 19 85 94 2 45 53 62 8 35 34 54 6 86 -1
91 35 34 54 15 83 94 27 21 86 6 85 19 9 92 64 109 89 52 49 90 -1
36 72 92 18 98 93 66 85 94 27 17 68 21 86 81 105 83 2 45 55 39 78 -1
76 33 19 85 94 101 55 39 0 87 45 63 8 35 93 67 3 81 105 27 95 20 -1
43 72 36 5 42 57 10 52 49 35 15 54 6 94 2 45 38 58 97 87 -1
27 101 55 63 12 47 62 8 35 34 2 45 38 -1
100 91 8 63 12 103 70 25 7 57 42 73 64 92 18 66 22 6 86 28 -1
11 64 92 18 66 6 86 81 105 83 35 49 7 40 57 42 5 108 72 43 30 -1
11 89 52 49 35 83 105 27 59 95 17 39 55 63 12 103 70 104 -1
75 17 39 55 63 8 49 52 89 96 64 92 18 15 2 45 -1
83 94 27 95 50 17 39 55 63 12 103 7 52 100 18 66 6 86 46 -1
74 38 45 2 83 3 19 33 99 76 102 24 85 94 101 55 87 -1
1 87 45 2 15 18 93 35 8 63 38 58 97 -1
43 72 108 5 42 57 7 41 12 8 35 93 66 9 23 82 26 -1
53 8 35 34 54 6 86 46 21 27 94 83 15 18 100 91 49 -1
32 21 86 24 19 82 26 29 43 72 92 18 93 35 49 7 40 57 42 5 108 48 -1
32 21 86 24 19 82 26 30 43 72 92 18 93 35 8 12 41 60 -1
106 89 52 100 93 3 19 33 76 102 24 85 94 2 63 12 103 70 104 -1
19 85 94 101 55 39 65 17 68 21 27 105 83 2 45 53 8 35 93 67 -1
22 6 94 27 17 65 61 0 87 55 101 -1
56 17 27 94 81 3 18 92 48 44 26 29 43 72 79 73 89 52 91 62 12 -1
75 50 13 28 86 6 66 18 98 3 83 2 45 38 74 58 80 63 12 16 70 84 -1
75 17 27 94 85 19 3 83 2 45 87 56 65 39 55 63 8 35 93 67 92 72 -1
106 89 64 92 9 23 19 24 86 21 27 101 55 80 45 2 83 3 22 -1
82 19 85 94 101 55 87 45 2 15 18 92 72 108 -1
101 55 63 8 49 35 34 54 24 102 19 85 94 27 17 78 0 80 38 12 16 -1
37 10 52 100 93 3 83 2 63 12 60 74 38 55 101 94 85 24 102 51 -1
69 43 72 36 5 42 11 64 92 9 19 102 71 86 81 94 2 15 54 22 31 -1
97 58 74 16 70 84 7 52 100 67 92 64 96 -1
88 51 86 21 27 101 55 39 65 50 13 32 17 56 87 45 2 83 3 9 -1
10 52 49 35 83 94 27 95 59 21 86 6 3 18 92 64 89 106 -1
74 12 62 91 52 89 64 92 44 82 99 33 19 3 93 35 49 7 70 -1
51 86 21 27 101 55 87 97 80 63 8 49 52 89 106 57 10 70 16 74 -1
11 89 52 49 8 63 55 39 65 61 0 87 38 12 103 7 57 106 73 79 72 44 -1
108 72 92 18 15 83 105 27 21 86 71 102 24 85 94 2 63 38 74 -1
10 25 7 52 100 18 9 19 31 24 54 15 2 63 12 16 47 62 -1
109 64 36 107 5 42 57 10 70 7 52 89 73 79 48 92 18 34 83 94 101 -1
91 35 34 3 19 102 88 31 22 66 18 15 83 105 27 95 20 -1
45 63 8 49 52 89 11 64 92 18 15 83 94 27 17 75 50 65 56 87 97 -1
86 21 68 20 95 27 94 85 19 33 14 69 43 72 108 5 42 57 40 -1
95 27 94 83 15 18 92 64 96 11 5 77 107 108 79 73 89 52 7 41 -1
1 87 45 2 15 18 92 48 44 82 33 19 9 93 100 52 7 25 40 57 42 5 -1
17 27 94 85 19 23 9 3 83 2 45 87 56 65 50 95 59 -1
34 83 94 27 95 50 17 39 55 63 8 49 52 89 42 73 64 92 18 3 -1
58 38 63 2 83 3 19 33 76 102 24 85 66 18 98 67 92 64 96 -1
0 87 38 12 41 103 62 8 35 15 54 85 66 18 92 64 11 89 52 100 67 -1
84 70 103 12 63 55 39 87 38 53 90 91 62 47 58 97 1 -1
9 3 85 94 27 95 20 17 39 55 63 8 91 52 49 35 2 45 87 56 65 78 -1
75 17 39 55 63 53 90 35 83 94 27 21 28 86 6 3 18 92 64 89 -1
88 102 33 99 82 19 3 83 2 63 12 60 74 38 55 101 94 6 -1
47 103 7 57 42 5 11 64 92 18 34 83 94 27 95 50 32 21 86 6 22 -1
53 90 49 52 10 70 16 12 63 55 39 17 20 95 27 94 85 19 82 44 -1
36 72 92 9 19 102 88 31 33 82 26 29 -1
80 45 2 83 3 19 82 26 29 43 69 14 31 24 86 21 68 17 39 55 38 74 -1
71 102 24 54 15 2 63 12 47 74 38 55 39 17 68 50 65 56 87 -1

11 64 92 67 3 6 86 24 54 15 35 49 7 40 57 42 5 108 72 43 30 -1
36 64 92 18 34 83 94 2 45 53 62 8 35 15 54 6 86 24 85 22 31 51 -1
100 91 8 63 2 15 18 92 48 107 4 36 72 44 82 19 102 71 -1
95 20 68 21 86 6 3 67 92 64 96 89 52 49 8 63 55 39 17 75 -1
66 6 86 21 68 17 27 105 81 94 101 55 39 78 0 97 58 47 16 -1
22 6 86 28 21 68 75 17 39 55 63 2 15 3 19 85 94 27 95 78 65 -1
53 8 35 15 54 6 86 46 21 27 101 55 63 12 103 47 58 97 0 65 50 -1
83 94 27 95 50 65 39 55 45 2 34 35 8 53 38 -1
1 87 45 2 15 18 100 91 62 47 58 97 80 63 12 103 70 84 -1
91 35 15 54 85 94 27 17 56 65 50 68 21 86 81 3 67 92 72 108 -1
11 64 92 67 3 6 86 21 59 27 101 55 63 12 103 70 104 -1
76 33 19 85 94 101 55 39 17 68 21 86 51 88 102 24 54 15 35 91 -1
32 21 86 24 19 82 26 29 30 44 92 67 93 35 8 63 12 103 7 -1
22 85 94 27 17 65 61 0 39 55 101 -1
106 89 52 91 35 15 54 24 102 76 33 19 85 94 2 45 -1
74 38 45 2 83 3 19 33 99 82 23 9 18 100 91 62 12 63 80 87 -1
108 72 26 82 19 85 94 27 17 56 87 45 2 15 18 92 48 36 5 42 57 40 -1
66 3 67 92 72 43 44 48 108 5 42 57 7 41 12 62 91 100 18 9 -1
91 52 7 25 10 57 42 73 64 92 18 93 35 8 62 103 -1
108 72 92 18 3 81 105 27 17 65 50 68 21 86 51 88 102 33 99 -1
36 72 92 18 98 3 66 15 2 45 63 8 91 52 89 96 -1
90 49 52 89 109 64 36 107 48 92 18 100 91 62 103 70 25 7 41 12 -1
102 24 54 15 2 45 38 55 101 27 21 86 51 31 19 3 34 35 8 63 80 97 -1
106 89 52 100 18 9 23 19 24 86 21 27 94 85 3 67 92 64 73 -1
7 49 35 2 94 27 21 28 59 95 17 39 55 63 12 103 70 -1
34 35 8 62 47 16 12 63 2 83 94 27 17 78 39 55 45 53 90 49 7 40 -1
101 55 63 8 49 35 34 3 81 85 66 18 92 48 44 82 19 24 86 -1
69 43 72 108 5 42 73 64 92 9 19 102 71 31 22 3 15 2 63 38 74 -1
37 7 49 35 34 3 15 2 63 12 60 41 47 58 97 0 78 95 59 28 -1
53 63 55 39 17 68 95 27 94 85 19 82 26 29 43 72 108 5 42 57 40 -1
11 64 92 67 3 85 94 27 17 65 61 0 87 45 63 12 103 7 57 -1
102 24 54 15 35 49 91 100 18 66 6 86 46 51 31 19 9 92 64 11 42 -1
93 35 49 7 40 57 42 5 108 72 43 69 14 102 51 86 21 68 20 -1
74 12 62 91 52 89 64 92 9 23 33 99 82 19 3 15 35 49 7 70 -1
10 52 91 35 83 94 27 95 17 39 55 45 2 15 18 92 64 89 106 -1
52 100 18 9 19 31 24 54 34 35 8 12 16 41 7 57 42 5 36 72 79 -1
104 70 103 12 63 2 15 54 24 102 76 33 19 85 94 101 55 80 58 -1
84 7 52 100 67 93 35 8 53 62 103 70 10 -1
97 80 63 8 91 52 89 106 73 64 92 18 15 2 45 38 74 -1
30 44 92 18 34 83 105 27 95 20 17 39 55 45 53 90 91 52 89 64 36 107 -1
9 3 6 86 21 13 50 65 56 87 39 17 95 59 27 94 2 35 49 52 10 57 -1
80 45 2 15 54 22 6 86 21 13 50 95 27 94 83 34 3 9 23 -1
8 35 34 3 19 33 23 9 18 100 52 7 25 70 103 12 63 2 15 54 22 31 -1
17 27 94 85 19 23 31 102 51 86 21 68 95 78 39 55 63 12 103 7 57 -1
1 87 45 2 15 18 92 48 44 82 33 99 69 30 26 72 36 -1
75 17 65 0 97 80 45 2 35 93 9 23 31 88 102 33 82 44 72 36 -1
98 3 6 86 28 21 27 94 83 35 90 8 63 55 39 17 75 -1
9 3 85 94 27 95 20 68 21 86 51 102 76 33 19 24 54 66 18 98 -1
101 94 85 3 18 92 64 11 5 42 57 7 41 47 12 63 2 15 54 22 31 71 -1
84 70 103 12 63 55 39 87 38 53 90 49 7 104 10 52 89 106 57 37 25 40 -1
94 83 15 18 92 64 96 42 5 77 107 36 79 11 89 52 7 41 -1
60 12 63 2 15 54 85 3 34 35 90 53 38 87 0 61 1 97 80 -1
56 87 38 12 103 70 10 52 89 64 92 72 43 44 48 79 11 96 73 106 -1
14 102 24 6 81 3 18 92 64 11 106 89 52 91 62 103 7 37 -1
75 17 39 55 63 8 49 52 89 11 64 92 18 15 83 94 27 95 20 -1
25 7 57 42 5 11 89 52 91 35 83 94 27 95 50 75 17 39 55 63 12 103 -1

91 49 7 25 70 16 12 63 55 101 27 59 21 86 24 19 9 92 64 11 -1
76 102 24 86 21 27 101 55 87 0 80 63 8 35 15 54 85 22 31 51 -1
100 91 8 63 2 15 18 92 64 36 4 107 48 44 82 19 102 71 -1
53 63 2 94 6 86 46 21 27 101 55 38 12 103 7 52 89 73 42 -1
66 9 92 72 43 44 48 36 5 42 57 7 103 12 63 2 94 6 -1
36 64 92 18 98 93 66 6 94 27 17 68 21 86 81 105 83 2 45 55 39 78 -1
90 49 52 89 109 64 36 107 48 92 18 100 91 8 12 16 70 -1
75 17 39 55 63 8 49 52 89 96 64 92 18 15 2 45 -1
108 72 26 82 19 85 94 101 27 105 83 2 45 55 39 65 17 68 -1
32 21 86 24 19 82 26 29 30 44 92 18 93 35 2 63 55 39 17 50 -1
22 24 86 28 13 50 75 17 27 94 85 19 9 92 64 11 42 5 36 72 43 69 -1
91 35 15 54 85 94 2 83 105 81 6 24 102 76 69 43 72 79 11 106 -1
83 94 27 17 50 65 39 55 63 12 103 7 104 37 57 106 11 79 72 43 69 76 -1
74 38 45 2 83 3 19 33 99 76 102 51 86 21 27 101 55 87 -1
43 72 36 5 42 57 7 41 12 63 2 15 66 18 92 44 26 -1
27 101 55 63 12 47 62 8 35 34 2 45 38 87 56 17 50 13 21 86 6 22 -1
91 52 89 64 36 108 72 92 18 66 85 81 94 27 17 56 87 45 2 83 3 19 -1
22 85 94 27 17 56 61 65 39 55 63 12 103 7 57 106 11 -1
1 87 45 2 15 18 93 35 8 63 80 97 58 74 16 70 84 7 52 100 67 -1
95 20 17 39 87 45 2 15 18 67 92 64 96 89 52 49 35 83 94 -1
53 63 55 39 17 68 21 27 94 2 45 38 74 12 8 49 52 89 -1
86 6 54 15 35 49 7 40 10 52 100 18 92 44 30 -1
29 26 44 92 18 93 35 8 12 63 2 83 3 19 33 99 -1
82 19 85 94 101 55 87 56 17 95 59 21 86 6 66 18 92 64 11 106 57 -1
7 49 35 83 94 27 21 28 13 50 17 39 55 63 12 16 70 -1
94 83 35 8 62 12 16 74 38 45 2 34 93 100 52 89 64 92 18 66 22 31 -1
106 11 64 92 9 23 19 24 86 21 46 51 102 76 69 -1
37 7 52 91 35 93 3 83 2 63 12 60 41 70 10 57 106 11 64 92 9 -1
51 86 21 27 101 55 87 97 58 74 16 70 10 57 106 89 52 91 62 -1
40 57 42 5 36 48 92 18 15 83 94 101 55 39 65 61 0 80 -1
88 51 86 21 27 101 55 87 1 0 80 45 2 15 18 92 48 44 82 19 85 81 -1
102 24 54 15 35 49 91 100 93 3 81 85 19 33 14 31 51 86 21 68 20 -1
71 102 19 9 92 64 73 42 89 52 100 93 3 34 2 45 87 0 80 63 12 41 -1
10 52 49 35 83 94 27 95 50 32 59 68 17 56 87 45 63 12 16 70 84 -1
10 25 7 52 89 73 64 92 18 9 19 33 76 31 24 54 15 2 45 38 58 -1
93 100 52 10 40 57 42 5 36 48 44 30 29 26 82 19 3 83 2 45 80 -1
102 19 82 44 72 108 79 11 106 89 52 49 8 63 38 -1
46 86 6 54 15 35 49 90 53 38 87 56 61 -1
78 39 55 63 12 16 70 10 52 89 11 79 72 36 5 42 57 37 84 -1
91 35 15 54 24 102 88 31 33 99 82 44 92 64 89 52 10 70 -1
45 63 8 49 52 89 11 64 92 67 93 35 90 53 62 103 70 10 -1
56 87 45 2 15 18 92 48 44 82 19 24 6 94 27 17 78 -1
58 80 55 101 94 6 54 15 2 63 12 60 41 7 52 100 93 3 85 19 23 -1
75 17 39 87 97 80 45 2 15 18 92 44 26 29 30 69 14 102 51 86 21 68 -1
9 3 85 94 27 95 20 68 21 86 51 102 76 31 22 66 18 98 -1
26 82 19 85 94 27 17 56 87 45 2 15 18 98 3 6 86 28 -1
17 27 94 85 19 23 9 3 15 2 45 87 38 12 41 104 7 52 89 -1
77 5 42 96 89 52 7 103 16 74 58 80 55 101 27 21 28 -1
14 33 19 3 93 100 52 10 40 7 70 16 12 63 55 39 78 0 87 38 53 8 -1
47 103 7 57 42 5 11 89 52 10 25 70 16 12 8 35 93 67 -1
75 17 39 55 63 8 90 35 83 94 27 21 28 13 50 95 78 0 80 58 60 -1
74 38 55 101 27 21 86 71 102 19 3 34 35 8 12 47 -1
77 5 42 57 7 41 70 10 52 89 64 92 44 30 26 72 108 79 73 109 11 106 -1
91 8 63 55 39 87 45 2 34 3 19 23 31 88 51 86 21 27 17 65 -1
40 10 52 100 67 3 81 85 19 82 26 30 69 14 102 71 86 21 68 75 -1
36 72 44 82 19 102 88 31 33 99 69 30 29 43 -1

11 64 92 9 19 24 86 21 59 27 101 55 63 12 -1
83 94 27 95 50 65 39 55 63 12 103 7 52 89 73 42 5 36 72 43 69 -1
85 54 15 35 91 52 89 11 79 108 72 92 18 34 83 105 27 101 55 63 8 49 -1
76 102 24 85 94 101 55 39 0 97 58 60 41 7 52 89 42 5 36 72 43 -1
90 49 52 89 109 64 36 107 5 42 57 7 70 103 12 63 -1
32 21 86 24 19 82 26 30 43 72 108 5 42 57 40 10 52 100 93 35 8 63 -1
53 63 2 94 6 86 46 21 27 95 50 65 39 55 38 12 103 70 104 -1
22 6 94 27 17 56 61 0 80 63 8 91 52 89 11 64 92 18 15 2 45 -1
95 20 17 27 94 81 3 67 92 64 96 89 52 49 8 63 55 39 65 50 75 -1
4 36 64 89 52 49 8 63 53 62 12 38 55 101 94 83 15 18 92 44 48 -1
27 101 55 63 12 47 62 8 35 34 2 45 38 87 39 65 50 32 21 86 24 102 -1
66 6 94 27 17 39 55 45 2 15 3 19 23 9 92 64 89 106 -1
91 49 7 25 70 103 12 8 35 34 18 92 44 43 29 26 82 19 24 86 21 32 -1
106 89 64 92 9 19 102 76 31 24 85 94 2 63 12 41 104 7 49 -1
19 85 94 27 17 65 50 68 95 78 39 55 63 53 8 49 52 10 25 -1
71 102 19 82 44 92 18 34 83 94 101 55 87 0 61 -1
36 64 92 18 98 3 66 9 23 82 26 43 69 76 102 24 54 15 83 94 27 21 -1
1 87 45 2 15 18 34 35 8 63 80 97 58 60 41 7 84 25 10 52 100 67 -1
74 38 45 2 83 3 19 33 99 82 44 92 18 34 35 8 63 80 87 -1
22 6 86 28 59 95 50 75 17 27 94 85 19 3 15 2 45 87 56 -1
7 49 35 83 94 27 21 28 59 95 17 39 55 63 12 103 70 -1
56 17 27 94 81 86 21 68 95 78 39 55 63 12 16 103 62 8 35 34 -1
66 34 35 8 12 41 7 52 89 42 5 77 107 36 64 96 -1
4 36 48 44 82 19 102 71 86 6 94 2 35 49 52 89 42 96 64 92 9 3 -1
29 43 44 92 18 93 35 2 45 80 97 87 55 101 94 85 24 102 51 -1
37 7 49 35 34 3 15 2 45 38 74 60 58 80 55 101 94 85 19 33 99 -1
52 100 18 9 19 31 24 85 94 2 35 49 7 25 10 57 42 73 64 92 -1
45 63 8 49 52 89 96 42 57 7 103 16 74 58 80 55 101 94 6 -1
108 72 92 18 3 81 85 19 82 44 48 36 5 42 57 40 -1
99 33 19 3 34 35 8 12 63 55 39 17 75 50 65 0 97 -1
7 52 89 64 92 44 30 26 82 23 9 18 3 19 102 88 51 86 21 27 101 55 -1
95 27 94 83 35 49 52 89 106 57 7 41 60 58 97 87 56 17 68 21 -1
83 2 63 12 16 103 62 8 35 34 18 9 19 31 24 85 94 101 55 45 -1
46 86 6 54 34 35 49 90 53 38 87 56 61 0 97 58 74 16 70 10 57 -1
91 35 34 54 24 102 88 31 33 99 82 44 92 64 89 52 10 70 -1
9 3 6 86 21 13 32 17 56 87 45 2 15 18 92 72 108 48 44 82 19 102 -1
70 10 52 89 64 36 48 92 18 15 2 45 87 1 0 80 63 8 91 -1
14 33 19 3 81 94 27 95 20 68 21 86 6 54 34 35 49 7 84 -1
45 2 15 54 24 102 76 33 19 85 94 27 95 20 68 21 86 6 3 9 -1
92 64 109 89 52 10 70 16 103 7 57 42 5 108 72 -1
68 95 27 94 85 66 34 35 8 53 63 2 15 18 67 100 52 10 40 -1
98 3 6 86 28 21 27 101 55 80 58 38 63 2 94 105 -1
84 70 103 12 63 55 39 87 38 53 8 91 52 10 40 -1
26 82 19 85 94 27 17 56 65 50 68 21 86 51 88 31 23 9 92 64 36 -1
83 94 27 17 78 95 68 21 86 81 105 -1
29 43 72 108 5 42 57 40 10 52 100 93 3 19 33 14 -1
33 19 9 18 100 52 7 25 40 57 42 5 36 64 92 67 93 35 8 12 47 -1
75 17 39 55 63 53 90 35 83 94 27 21 28 86 6 3 18 92 64 89 -1
74 38 45 2 83 3 19 102 71 31 23 9 92 64 73 -1
51 86 21 27 101 55 38 63 2 15 54 22 -1
13 32 27 94 85 22 19 82 26 43 44 92 64 96 11 79 108 5 42 57 10 70 -1
57 10 52 49 35 83 94 27 59 21 86 24 19 82 44 72 36 -1
74 12 8 49 52 89 106 73 64 92 18 9 23 82 44 72 79 11 109 -1
65 17 27 105 83 15 18 92 72 36 48 44 82 19 24 86 21 32 -1
71 102 19 3 34 35 8 12 47 58 97 87 56 17 68 -1
78 39 55 63 12 103 7 40 10 52 49 8 53 38 87 56 65 0 97 58 60 41 -1

91 49 7 25 10 70 16 12 38 87 39 78 95 20 17 27 94 81 3 67 -1
53 63 2 94 6 86 46 21 27 101 55 38 12 103 47 58 97 0 65 50 95 59 -1
106 11 79 72 43 69 76 31 22 6 94 101 55 63 2 83 105 -1
22 6 86 28 21 27 17 39 87 38 12 16 70 7 49 91 100 67 92 44 30 -1
108 72 43 69 76 31 22 6 94 105 27 17 78 39 55 63 2 83 -1
66 22 31 76 69 43 72 79 11 106 57 7 103 12 63 2 94 6 -1
43 72 79 11 106 57 7 41 12 63 2 94 6 66 3 83 105 27 17 56 -1
71 102 19 82 26 72 108 48 92 67 100 91 35 15 54 85 6 86 -1
22 6 94 27 17 56 61 0 97 58 38 55 101 -1
19 85 94 27 95 50 65 39 55 63 2 83 3 67 92 72 -1
100 91 35 2 63 12 103 7 57 106 11 79 108 4 36 72 26 82 19 102 71 -1
90 49 52 89 109 64 36 107 48 92 67 100 91 62 12 16 70 41 47 58 38 63 -1
75 17 27 94 83 3 67 92 64 96 89 52 49 90 53 45 2 34 66 22 31 76 -1
74 38 45 2 83 3 19 33 99 76 31 22 6 94 27 17 39 87 -1
32 21 86 6 3 67 92 44 30 26 72 108 5 42 57 40 10 52 89 64 36 48 -1
11 64 92 67 3 6 86 21 32 20 95 27 94 85 19 33 14 -1
1 87 45 2 15 18 3 6 94 27 17 65 0 97 58 47 103 70 84 -1
36 64 92 67 98 3 66 6 94 27 17 68 50 65 0 97 58 38 53 -1
11 64 92 67 3 85 94 27 59 95 17 39 87 45 2 15 54 22 19 82 -1
32 27 94 85 3 67 92 44 26 29 43 72 79 64 89 52 91 62 12 41 104 -1
56 17 27 94 81 3 67 92 72 108 36 64 89 52 91 35 2 45 87 -1
63 2 35 93 67 92 44 26 29 30 69 14 33 19 85 94 27 21 86 6 54 15 -1
34 2 45 38 55 101 94 85 19 102 31 22 54 15 35 49 -1
80 58 47 103 70 84 7 52 100 67 93 35 8 63 2 15 54 85 94 27 17 56 -1
75 17 27 94 85 19 82 44 72 108 5 42 73 89 52 7 25 -1
106 11 79 72 26 82 23 19 85 94 27 21 86 24 31 33 -1
69 43 72 108 5 42 73 64 92 44 82 19 102 71 31 22 54 15 2 45 38 74 -1
75 17 27 21 28 86 6 3 98 18 15 2 45 38 74 58 80 55 101 94 85 22 -1
34 2 63 12 16 74 38 55 101 94 83 15 3 19 33 99 -1
101 94 85 19 82 33 31 22 66 3 67 92 64 96 42 89 52 100 18 9 -1
37 10 52 100 18 3 83 2 63 12 60 41 7 57 106 89 64 92 9 -1
11 64 92 67 3 15 2 45 87 56 61 0 97 58 60 41 7 57 -1
93 100 52 10 40 57 42 5 108 72 43 29 26 44 92 18 15 2 45 80 0 61 -1
51 86 21 27 101 55 87 97 58 60 41 7 57 106 -1
103 7 52 89 73 64 92 18 3 6 86 21 27 94 85 19 82 44 48 107 -1
95 27 94 83 35 91 52 89 106 57 7 41 74 38 63 2 34 93 100 -1
88 51 86 21 27 101 55 63 12 103 70 10 52 49 90 53 62 91 -1
19 85 94 27 17 56 87 45 2 15 18 92 48 -1
34 35 8 12 47 41 7 57 42 5 11 64 92 18 15 83 94 101 -1
9 3 85 94 27 32 13 21 59 95 17 56 87 45 2 15 54 22 19 23 31 102 -1
51 102 24 85 54 15 2 63 12 60 74 38 55 101 94 6 22 19 33 99 -1
30 44 92 18 9 19 31 88 102 33 99 69 43 72 36 64 89 52 10 70 -1
101 94 83 15 18 92 48 36 64 89 52 91 62 12 38 87 1 -1
46 86 6 54 15 35 49 90 53 63 55 39 17 68 -1
103 70 104 7 52 89 64 79 72 43 69 76 33 19 3 15 2 45 38 58 -1
8 35 34 3 19 33 23 9 18 100 52 7 25 70 103 12 63 2 15 54 24 31 -1
31 22 54 15 2 63 12 16 70 10 52 89 64 79 72 36 5 42 57 7 84 -1
95 27 94 83 34 18 92 64 96 42 5 77 107 36 79 11 89 52 7 41 -1
45 55 39 17 20 95 27 94 85 3 9 66 34 35 8 12 16 -1
34 83 94 27 95 50 68 21 86 6 22 3 93 35 2 45 80 97 87 56 17 75 -1
8 63 80 0 87 45 2 34 83 94 27 32 13 21 86 51 102 19 3 93 9 23 -1
84 70 103 12 63 55 39 87 38 74 41 104 7 49 91 100 18 92 64 109 -1
26 82 19 85 94 27 17 56 65 39 55 45 2 83 105 -1
81 3 18 92 48 44 82 19 24 6 94 27 17 78 39 55 63 12 16 70 25 40 -1
14 33 19 3 93 100 52 10 40 25 70 103 12 63 55 39 65 -1
63 8 49 52 89 96 42 57 7 103 12 38 87 56 17 75 -1

53 63 2 94 6 86 46 21 27 101 55 38 12 103 7 57 42 73 89 52 10 25 -1
90 49 52 89 109 64 36 107 5 42 57 7 70 103 12 63 -1
17 27 105 81 94 101 55 39 78 0 97 58 47 16 12 8 35 34 2 63 38 -1
92 18 3 6 86 21 27 94 2 15 54 85 22 31 51 -1
100 52 49 8 63 12 103 7 57 42 5 107 4 36 72 26 82 19 102 71 -1
22 85 94 27 17 56 61 0 39 55 101 -1
43 72 36 5 42 57 10 52 89 64 92 44 48 107 108 79 73 109 11 106 -1
11 64 92 9 19 24 86 21 59 27 101 55 63 12 -1
108 72 92 18 34 2 94 105 27 17 65 50 68 21 86 24 19 -1
108 72 26 82 19 85 94 27 17 56 39 55 63 2 34 3 81 105 83 35 49 -1
106 73 79 72 43 69 76 102 24 85 94 101 55 39 17 27 21 86 71 88 -1
32 21 86 24 19 82 26 29 30 44 92 67 93 34 2 63 55 101 94 85 22 -1
91 52 89 64 36 108 72 92 18 34 2 63 55 87 56 17 27 94 85 19 82 -1
95 20 32 21 86 24 19 82 44 92 67 100 52 89 96 -1
43 72 79 64 89 52 10 70 41 12 63 2 15 66 85 94 27 17 -1
83 94 27 17 50 95 32 21 86 24 19 82 44 72 79 73 106 89 64 92 9 23 -1
91 35 34 54 15 2 63 8 12 38 55 101 94 85 19 33 102 24 -1
91 52 7 25 70 10 57 106 73 79 48 92 67 93 35 8 12 41 104 40 37 84 -1
74 38 45 2 83 3 19 33 99 82 44 92 64 89 52 91 8 63 55 87 97 58 -1
36 64 92 18 98 93 66 85 94 27 17 68 50 65 39 55 63 53 8 91 100 67 -1
75 20 32 21 86 24 19 82 44 92 67 100 52 89 96 42 57 7 49 8 63 45 -1
22 6 86 28 21 27 94 2 35 49 7 52 89 64 92 44 30 -1
1 87 55 63 2 15 18 93 35 8 53 38 58 97 -1
94 83 35 8 62 53 63 55 101 27 21 86 6 3 93 100 52 10 40 -1
30 44 92 64 73 106 57 40 10 52 100 93 3 19 33 14 31 24 86 21 32 20 -1
29 26 44 92 67 93 35 8 12 63 2 83 3 19 33 99 -1
101 94 83 35 49 52 100 67 3 6 86 46 51 102 24 54 15 66 22 19 33 99 -1
69 43 72 108 5 42 96 64 92 9 93 35 8 12 41 60 74 38 63 2 15 3 -1
80 38 12 41 70 84 7 52 91 8 53 45 87 97 0 78 17 27 21 86 51 -1
75 20 32 21 28 86 6 94 2 63 12 103 70 10 52 89 64 92 44 82 99 -1
37 10 52 100 93 3 15 2 45 87 56 61 -1
11 64 92 9 3 15 2 45 87 56 61 0 39 55 63 12 103 7 57 -1
74 58 80 45 2 15 54 22 85 94 27 32 13 21 86 24 19 9 -1
71 102 24 54 15 2 83 3 19 33 76 69 43 72 79 73 106 57 40 104 70 103 -1
10 52 91 35 83 94 27 95 17 39 55 63 12 103 7 40 -1
103 12 63 55 39 17 50 95 59 27 94 2 45 87 -1
83 2 63 12 16 47 58 38 55 101 94 85 24 31 22 3 93 100 52 7 25 -1
56 87 45 2 15 18 92 48 44 82 19 85 94 101 55 63 8 49 52 89 11 5 -1
88 102 19 3 18 92 44 30 43 72 79 64 89 52 7 41 70 10 57 42 5 77 -1
102 19 82 44 72 108 48 92 18 3 22 31 14 69 30 -1
45 2 83 3 19 33 76 31 24 85 94 101 55 80 58 38 53 8 35 15 54 6 -1
97 80 63 8 91 52 89 106 57 7 41 74 38 55 101 27 21 86 71 -1
91 35 15 54 24 102 88 31 33 99 82 19 3 83 2 63 12 60 -1
86 24 19 82 44 48 92 18 15 2 45 87 1 0 80 63 8 91 35 34 54 6 -1
9 3 85 94 27 95 20 32 21 86 24 31 76 69 43 72 92 67 98 -1
98 3 6 86 28 21 27 101 55 80 58 47 103 7 52 89 96 -1
84 70 103 12 63 55 39 17 27 94 6 54 15 2 45 38 74 60 -1
13 32 17 56 87 55 101 94 85 19 23 31 102 24 54 15 2 45 80 0 78 -1
83 94 27 17 78 39 55 63 12 103 7 40 57 106 73 79 72 43 29 -1
75 17 78 0 97 80 45 2 15 18 92 44 26 29 -1
77 5 42 96 64 92 18 15 83 94 2 35 90 8 63 80 0 78 17 75 -1
56 65 17 27 21 86 71 88 102 19 82 44 72 36 -1
60 12 8 35 15 54 85 3 93 100 91 90 53 63 55 101 27 21 28 -1
62 12 16 70 10 52 89 11 79 72 36 5 42 57 37 84 -1
66 18 92 64 96 42 89 52 49 8 63 55 39 17 50 95 27 94 83 15 -1
47 103 7 57 42 5 11 89 52 10 25 70 16 12 8 35 34 3 19 33 -1

22 6 94 27 17 56 61 0 80 55 101 -1
75 17 27 94 83 3 67 92 64 96 89 52 49 8 63 45 -1
92 67 3 83 94 27 21 86 24 54 15 2 63 80 97 87 38 53 90 35 93 18 -1
43 72 108 5 42 57 7 41 12 63 2 15 66 6 94 27 17 68 21 86 81 -1
106 11 79 72 43 69 76 31 22 6 94 101 55 80 0 56 17 27 105 -1
11 79 72 43 69 76 31 22 6 94 27 59 68 17 39 55 63 12 -1
4 108 72 92 18 15 2 63 8 35 93 100 67 3 83 94 27 17 20 95 -1
11 79 72 92 18 66 6 86 81 85 54 15 35 91 52 10 25 7 57 42 73 -1
71 102 19 82 26 72 108 5 42 57 10 52 91 35 15 54 6 86 51 88 -1
74 38 45 2 83 3 19 33 99 82 44 92 67 93 35 90 53 63 80 87 97 58 -1
32 21 86 24 19 82 26 30 44 48 108 5 42 57 40 10 52 100 93 -1
1 87 38 63 2 15 18 92 44 30 43 72 108 5 42 57 7 -1
36 64 92 18 15 83 94 2 35 8 62 91 100 93 3 6 86 21 68 20 -1
83 94 27 95 50 65 56 87 38 12 103 7 57 42 73 64 11 -1
32 21 86 24 19 82 26 29 30 44 92 67 93 35 83 94 27 17 75 50 13 28 -1
53 63 2 94 27 21 46 28 59 95 50 65 56 87 38 12 103 7 104 -1
19 24 6 94 27 17 65 50 68 95 78 39 55 63 53 90 91 52 10 -1
108 72 92 18 15 83 105 27 17 78 95 68 21 86 81 94 101 55 87 56 -1
36 64 92 18 98 93 66 15 2 45 55 101 94 6 22 31 76 -1
90 91 52 89 109 64 36 107 5 42 57 7 70 103 12 63 53 62 47 16 -1
22 6 86 28 21 27 94 2 63 12 103 70 10 52 89 64 36 48 -1
27 101 55 63 12 47 62 90 35 34 93 100 52 7 103 16 74 38 45 2 83 -1
102 24 54 15 2 94 81 86 71 31 19 82 26 72 108 4 36 64 92 18 3 6 -1
101 94 6 22 19 82 44 92 18 66 93 100 52 10 57 42 5 108 72 26 -1
102 24 54 15 2 45 38 55 101 27 21 86 51 -1
69 43 72 108 5 42 96 64 92 18 3 93 100 52 10 37 57 106 89 -1
80 58 74 16 70 84 7 49 90 53 38 87 97 0 39 55 101 27 21 86 51 -1
106 89 52 100 93 3 22 31 23 19 24 86 21 27 94 85 -1
29 30 44 92 67 100 91 62 12 63 2 83 3 19 33 99 -1
72 92 18 15 83 94 27 17 65 50 68 21 86 51 88 102 24 54 34 2 45 55 -1
74 12 62 91 52 89 64 92 44 82 99 33 19 3 93 35 49 7 70 25 -1
95 27 105 83 35 91 52 89 106 57 10 70 16 74 58 97 87 39 17 75 -1
81 94 83 35 49 8 63 2 15 54 24 102 31 23 19 22 6 86 21 27 17 -1
81 94 101 55 39 87 38 63 8 35 93 3 19 33 31 24 54 15 2 45 53 12 -1
11 64 92 18 15 83 94 27 17 65 61 56 87 38 12 103 7 57 -1
9 66 15 2 63 12 41 60 74 38 53 8 35 93 3 34 83 94 27 32 13 -1
14 33 19 3 83 94 27 95 20 68 21 86 6 66 9 92 64 96 42 -1
58 80 55 101 94 6 54 15 2 63 12 60 74 38 53 8 35 34 3 85 -1
56 87 38 63 2 15 18 92 48 44 82 19 85 94 101 27 59 -1
78 39 55 63 12 16 103 62 8 35 34 54 22 31 19 3 93 100 52 7 25 -1
51 102 24 85 3 18 92 64 11 5 42 57 7 25 10 52 100 67 -1
104 7 103 12 63 2 15 66 22 31 76 33 19 85 94 101 55 80 58 -1
46 86 6 54 15 35 49 8 63 55 39 17 68 50 65 56 87 38 74 -1
84 7 52 100 67 92 64 96 42 57 40 104 41 12 63 2 83 3 19 82 26 29 -1
45 53 90 91 52 89 11 64 92 18 15 83 105 27 17 75 -1
26 82 19 85 94 27 17 56 87 38 12 103 70 10 52 89 64 79 72 43 -1
13 50 17 56 87 55 101 94 85 19 23 31 88 102 33 99 -1
1 87 38 63 2 15 18 92 48 44 82 19 85 81 6 24 31 14 -1
45 55 39 17 20 95 27 94 85 19 33 76 31 24 86 28 13 -1
98 18 66 6 86 28 21 27 101 55 80 58 74 12 62 91 100 -1
92 64 109 89 52 100 18 93 35 49 7 57 42 5 108 48 44 82 33 -1
0 97 58 74 41 7 57 42 5 77 107 108 72 92 64 96 89 52 10 70 103 -1
8 63 80 0 87 45 2 34 18 92 64 89 52 91 90 53 38 55 39 -1
14 33 19 9 18 100 52 10 40 7 103 12 63 55 39 78 -1
74 38 55 101 27 21 86 71 102 19 3 18 92 64 73 89 52 91 62 12 60 58 -1
36 72 26 82 19 102 88 31 24 85 3 18 92 44 30 29 -1

19 85 94 27 17 65 39 55 63 2 15 18 92 72 79 11 96 -1
74 38 45 2 83 3 19 33 99 76 102 24 6 94 101 55 87 -1
36 64 92 18 98 93 66 9 23 82 26 43 72 108 5 42 57 -1
106 89 52 100 18 3 19 33 76 102 24 6 94 101 55 38 74 41 104 70 103 12 -1
32 21 46 51 102 14 69 30 44 92 67 100 52 10 40 7 49 35 15 54 24 86 -1
43 26 82 19 24 6 94 101 55 38 12 41 70 10 52 100 18 66 -1
95 20 32 21 86 24 54 15 35 49 52 100 67 92 72 79 11 96 -1
71 102 19 82 23 9 3 83 2 45 87 55 101 94 85 66 18 -1
11 79 72 92 18 15 2 94 27 59 32 17 39 55 38 12 -1
91 52 10 25 70 103 12 38 55 101 94 6 24 19 82 26 29 -1
75 17 27 94 2 15 18 92 72 79 11 96 89 52 49 8 63 45 -1
1 87 45 2 15 18 3 85 94 27 17 65 0 97 58 60 16 70 84 -1
22 6 86 28 46 51 102 24 54 15 35 49 7 52 89 73 42 96 64 92 9 19 -1
36 72 92 18 15 83 94 2 63 12 62 8 35 34 54 6 86 24 85 19 102 51 -1
100 18 15 2 63 8 49 52 89 11 79 36 4 108 72 26 82 19 102 71 -1
83 2 45 55 39 17 50 95 32 21 86 6 66 18 100 52 10 70 103 12 53 -1
0 87 55 101 94 105 83 15 18 92 72 108 36 64 89 52 91 35 34 54 -1
32 21 86 24 19 82 26 29 43 72 92 18 93 34 2 63 12 103 70 -1
17 27 94 81 86 28 59 95 78 0 97 58 60 16 12 8 35 34 2 45 38 -1
53 45 2 15 54 6 86 46 21 32 17 39 55 63 12 103 7 52 89 73 -1
90 49 52 89 109 64 36 107 48 92 18 15 2 63 12 103 70 -1
22 6 86 28 13 50 65 61 56 39 55 63 8 49 52 89 11 64 -1
27 94 2 63 12 47 62 8 35 34 54 6 86 21 32 50 95 59 68 17 39 87 -1
53 63 55 39 17 68 50 65 56 87 45 2 94 105 27 95 78 -1
69 43 72 36 5 42 96 64 92 9 19 102 71 31 24 85 94 101 55 38 74 -1
80 58 60 16 70 84 7 52 100 67 18 34 35 8 63 2 83 3 19 33 -1
37 7 52 100 18 3 6 86 24 19 82 44 48 36 64 89 106 57 40 -1
75 17 27 94 85 19 3 83 2 45 87 56 65 78 95 59 28 86 81 -1
101 94 83 35 49 52 100 18 3 81 85 66 9 92 72 108 -1
106 89 64 92 9 23 19 24 86 21 27 94 85 54 15 2 63 12 41 60 -1
52 100 18 9 19 31 24 6 94 101 55 38 12 103 70 25 7 57 42 73 -1
74 58 80 63 2 15 54 22 85 94 101 55 38 87 39 17 27 21 86 51 -1
88 51 86 21 27 101 55 45 2 34 93 100 52 10 40 -1
108 72 92 18 34 83 94 27 21 46 86 6 66 93 35 2 45 87 97 -1
101 55 39 65 61 56 87 38 12 103 7 57 106 89 52 100 93 34 83 94 27 59 -1
81 94 101 55 39 87 38 12 103 70 84 7 52 100 93 3 6 86 -1
95 27 94 83 35 49 52 89 106 57 7 41 60 58 97 87 39 17 32 21 86 51 -1
99 33 19 3 34 35 8 12 63 55 39 17 75 20 95 78 0 97 -1
88 102 19 9 18 92 44 30 26 82 33 31 24 54 15 2 63 12 41 -1
14 102 51 86 21 32 20 17 39 55 45 2 15 54 24 31 -1
44 26 29 43 72 92 64 89 106 57 40 7 49 8 63 55 39 78 -1
58 80 55 101 94 6 54 34 35 8 12 60 74 38 63 2 83 3 19 33 99 -1
56 87 45 2 15 18 92 48 44 82 19 85 94 101 55 63 8 49 52 89 11 -1
9 3 6 86 28 13 50 65 56 87 38 12 41 104 7 52 89 64 -1
91 35 15 54 24 102 88 31 33 99 82 19 9 18 100 52 10 70 -1
2 35 49 52 89 42 96 64 92 9 3 6 86 21 27 94 85 19 82 44 48 107 -1
70 103 12 63 55 101 27 21 28 86 6 3 98 18 15 2 45 38 74 -1
1 87 45 2 15 18 92 48 44 82 19 85 81 6 24 31 14 -1
9 3 85 94 27 95 20 32 21 86 51 102 76 33 19 22 54 15 2 45 38 58 -1
0 97 58 60 41 7 57 42 5 77 107 36 64 96 89 52 10 70 103 -1
68 95 27 94 85 66 6 86 21 32 20 17 39 55 63 8 49 52 10 -1
26 82 19 85 94 27 17 56 87 38 12 103 70 10 52 89 73 79 11 42 -1
17 27 94 85 19 23 31 88 51 86 21 68 50 65 39 55 63 12 103 7 40 -1
31 24 54 15 2 63 12 16 47 62 8 49 52 89 106 11 79 108 72 43 30 -1
33 19 9 18 100 52 7 25 10 57 42 5 -1
75 17 39 55 63 8 90 35 83 94 27 21 28 86 71 -1

22 6 94 27 17 56 61 0 80 63 8 49 52 89 11 -1
66 6 94 27 17 56 0 80 63 2 83 105 81 86 28 59 95 78 -1
32 21 46 51 102 14 69 30 44 92 67 100 52 7 40 -1
32 21 46 51 102 14 69 30 29 26 44 92 67 93 35 8 12 63 2 94 27 59 -1
91 35 15 54 85 6 86 81 94 2 63 8 49 52 89 11 -1
100 91 8 63 2 35 49 52 89 11 5 77 4 36 72 26 82 19 102 71 -1
95 20 32 27 94 2 35 93 67 92 64 96 89 52 49 8 63 55 39 17 75 -1
11 89 52 49 35 83 94 27 59 95 17 56 87 38 63 8 91 100 18 9 19 82 -1
22 6 86 28 59 95 20 75 17 27 94 83 35 93 9 19 -1
53 63 2 94 27 21 46 51 102 14 69 30 44 92 67 93 35 8 12 103 -1
1 87 38 63 8 91 100 18 15 83 94 27 17 56 0 97 -1
91 52 10 25 70 103 12 41 104 7 49 35 93 9 23 31 76 -1
108 72 26 82 19 22 6 94 27 17 56 87 38 63 2 15 18 92 48 44 -1
90 49 52 89 109 64 36 107 48 92 9 93 35 91 62 103 70 41 12 63 -1
101 94 105 83 15 18 92 72 108 36 64 89 52 91 35 93 9 19 102 88 -1
66 9 92 72 43 44 48 36 5 42 57 10 52 49 35 15 54 6 -1
43 72 36 64 89 52 7 41 12 63 2 15 66 93 98 3 6 86 28 -1
0 87 55 63 2 35 93 9 23 31 76 69 43 72 79 11 106 -1
74 38 45 2 83 3 19 33 99 82 23 9 93 35 8 63 55 87 97 58 -1
27 94 2 63 12 47 62 8 35 34 3 6 86 28 59 95 17 56 87 38 -1
83 94 27 95 50 68 21 46 51 102 19 9 93 35 8 62 103 7 52 89 73 42 -1
11 64 73 89 52 7 25 70 103 12 8 35 93 9 23 33 19 24 102 51 46 21 -1
101 94 83 35 49 91 100 93 66 6 86 46 21 27 17 39 55 -1
101 94 6 22 19 82 23 9 66 3 83 105 27 95 68 -1
15 83 94 27 21 86 6 85 24 102 51 46 28 59 95 17 56 87 97 -1
69 43 72 36 5 42 89 52 100 93 9 19 102 71 31 22 3 83 2 63 38 74 -1
80 63 8 49 7 84 70 16 74 58 97 -1
105 94 101 55 45 2 83 3 19 102 88 31 33 99 82 23 9 93 35 8 12 -1
37 7 52 100 93 3 34 35 8 12 60 41 103 62 53 38 87 0 -1
34 35 8 12 16 74 38 63 2 83 15 18 92 48 107 -1
53 38 87 0 65 17 68 59 27 94 6 22 19 82 26 29 -1
86 6 3 93 100 52 7 40 57 42 5 36 48 92 18 15 83 94 101 -1
72 92 18 15 83 94 27 17 65 56 87 38 12 103 70 -1
101 55 39 56 61 0 80 63 8 49 52 10 57 -1
108 72 92 18 66 6 81 94 101 55 39 0 97 58 74 16 70 84 7 52 100 67 -1
10 52 91 35 83 94 27 95 17 39 55 63 2 15 18 92 64 11 106 -1
45 63 8 49 52 89 96 11 5 77 107 48 92 9 93 35 90 62 103 41 -1
78 39 55 63 12 16 74 38 45 2 83 3 19 31 23 9 93 100 52 89 73 -1
14 102 51 86 21 32 20 17 39 55 45 2 94 6 54 34 35 8 12 60 -1
30 44 92 18 100 52 89 73 64 36 72 26 82 19 102 71 -1
9 3 6 86 28 13 68 17 56 87 38 12 103 70 84 7 49 35 83 94 27 59 -1
45 2 83 3 19 33 76 31 23 9 93 35 8 63 38 58 80 55 101 27 21 28 -1
97 80 45 2 15 18 92 64 11 106 89 52 49 8 12 74 -1
34 83 94 27 95 50 17 39 55 63 38 87 56 65 -1
17 27 94 85 19 23 9 3 34 54 6 86 28 13 -1
1 87 45 2 15 18 92 48 44 82 19 85 81 86 51 102 14 -1
75 17 56 87 97 80 45 2 15 18 92 44 26 29 -1
99 33 19 9 18 100 52 10 70 7 57 106 73 79 72 43 44 92 64 96 -1
103 16 74 58 80 55 101 94 105 27 17 65 56 87 45 2 15 3 19 102 88 -1
60 12 8 35 34 54 85 19 82 44 72 36 5 42 57 7 103 47 -1
89 64 92 44 82 99 33 19 3 34 35 8 12 60 74 38 55 39 78 -1
75 17 39 55 63 8 90 35 83 94 27 21 28 86 71 -1
29 30 44 48 36 5 42 57 40 7 52 100 93 34 83 94 27 17 78 -1
62 12 16 103 7 52 89 109 64 92 18 9 19 31 71 86 28 13 -1
25 7 57 42 5 11 89 52 49 35 83 94 27 95 50 68 59 32 17 39 55 -1
51 86 21 27 101 55 38 63 2 15 18 92 44 30 43 72 36 64 89 52 7 41 -1

22 6 94 27 17 56 61 0 80 63 8 49 52 89 11 -1
19 85 94 27 17 65 39 55 63 2 15 18 92 72 79 11 96 -1
95 20 68 21 86 81 3 67 92 72 79 11 96 -1
90 49 52 89 109 64 36 107 5 42 57 7 70 103 62 8 63 2 15 18 100 67 -1
43 72 36 5 42 57 7 49 8 63 2 94 6 86 21 27 17 56 0 80 58 -1
66 85 94 27 17 68 21 86 81 3 83 2 45 87 39 78 0 97 58 47 16 -1
71 102 19 82 26 72 108 48 92 18 100 91 35 15 54 85 81 86 51 -1
101 27 105 81 85 19 82 26 72 108 48 92 18 15 2 45 87 -1
22 6 86 28 21 27 94 2 63 8 49 7 52 89 64 36 72 43 30 -1
53 63 2 94 6 86 46 51 102 19 3 18 100 52 7 103 70 10 57 42 73 -1
1 87 45 2 15 18 100 91 62 47 58 97 0 78 17 68 21 86 51 -1
32 21 86 24 19 82 26 29 30 44 92 67 93 35 8 12 63 55 101 27 59 -1
4 36 64 89 52 49 8 63 55 39 65 50 17 27 94 83 15 18 92 72 43 -1
75 17 27 94 85 3 18 92 72 79 11 96 89 52 91 62 47 58 97 87 45 -1
76 99 82 19 85 94 101 55 87 0 97 58 47 41 7 52 89 64 92 72 43 -1
66 18 92 72 43 69 99 82 19 3 67 100 52 10 70 7 57 42 5 36 48 44 -1
11 89 52 49 35 2 94 27 59 68 17 39 87 -1
106 89 52 7 41 47 58 97 87 55 101 94 85 19 82 99 76 -1
36 64 92 67 98 18 66 3 83 2 45 87 97 58 47 41 60 -1
91 52 10 25 7 57 42 73 64 92 18 66 22 6 86 28 13 -1
74 58 97 87 55 101 94 85 19 82 99 69 43 44 92 67 93 35 8 12 41 104 -1
53 45 87 39 17 68 50 65 56 0 78 95 27 94 81 105 83 35 49 -1
102 19 3 15 2 63 38 12 8 35 34 83 94 27 17 39 87 97 58 47 16 -1
11 64 89 52 91 62 12 41 7 25 70 -1
37 10 52 100 18 3 85 94 101 55 63 8 49 35 15 54 22 19 102 31 23 -1
86 6 3 93 100 52 10 40 7 49 35 2 94 85 19 82 26 30 44 92 18 -1
106 89 52 100 18 3 19 23 31 51 86 21 27 94 83 35 93 67 92 64 73 -1
80 63 8 49 7 84 104 41 47 58 97 87 55 101 94 85 19 82 26 29 -1
105 94 101 55 63 2 15 54 24 102 88 31 19 3 18 66 6 86 21 68 20 -1
4 36 72 26 82 19 102 71 86 6 66 18 92 64 73 42 89 52 100 67 3 9 -1
75 17 27 94 85 19 3 83 2 45 87 56 0 80 63 8 35 15 18 92 48 -1
75 17 27 21 28 86 6 66 18 100 52 10 70 103 62 53 45 87 56 -1
101 55 87 0 61 56 17 27 94 6 3 18 100 52 10 57 -1
74 12 62 91 52 89 106 57 37 7 49 35 93 9 23 82 19 85 94 27 17 65 -1
74 58 80 55 101 27 21 28 86 6 3 98 18 66 85 19 82 99 76 -1
71 102 24 54 15 2 83 3 19 31 76 99 82 44 92 64 89 52 7 104 70 103 -1
10 52 49 35 83 94 27 95 68 21 86 81 3 9 92 64 11 106 73 79 108 -1
103 62 53 63 55 39 17 50 95 27 94 83 34 35 91 52 100 18 9 19 31 14 -1
40 57 42 5 36 48 92 18 15 2 45 87 1 0 39 55 101 27 21 46 -1
24 31 33 19 3 34 35 8 63 55 39 78 65 56 87 45 53 62 91 49 7 40 -1
45 2 83 3 19 33 76 31 24 86 21 68 20 -1
9 93 35 8 12 41 7 52 89 11 5 77 107 36 64 96 42 57 10 70 103 -1
46 86 6 54 15 35 49 52 89 96 64 92 18 34 2 63 38 -1
14 31 24 86 21 68 20 95 27 94 85 3 9 93 35 8 63 55 39 65 50 13 -1
84 7 52 100 67 92 64 89 106 57 40 10 70 103 62 8 35 34 3 19 33 14 -1
91 35 15 54 24 102 88 31 76 99 82 19 3 83 2 45 80 58 60 -1
31 23 9 18 100 52 7 25 70 103 62 8 35 34 3 19 33 82 44 48 79 64 -1
84 70 103 12 63 55 39 17 27 94 6 54 15 2 45 38 74 60 -1
13 50 65 56 87 55 101 94 85 19 23 31 88 102 76 99 82 44 72 36 -1
26 82 19 85 94 27 17 56 87 45 2 15 54 6 86 21 32 -1
92 64 109 89 52 7 103 16 12 8 35 34 3 19 31 33 82 44 48 107 77 -1
29 30 44 92 64 89 106 57 40 7 49 35 83 94 27 95 -1
60 12 63 2 15 54 85 3 18 92 64 11 5 42 57 7 41 47 -1
103 47 58 74 12 62 91 52 89 73 64 92 18 15 83 94 27 95 20 -1
62 12 16 70 10 52 89 64 79 72 36 5 42 57 7 84 -1
74 38 55 101 27 21 86 71 102 24 54 15 2 63 12 47 41 70 25 -1

53 63 2 94 6 86 46 21 27 101 55 38 12 103 47 58 80 0 65 50 95 20 -1
43 72 108 5 42 57 7 41 12 63 2 15 66 85 94 27 17 32 21 86 81 -1
32 27 94 2 63 12 41 7 57 42 5 108 72 43 30 44 92 67 100 52 10 40 -1
108 5 42 57 7 41 12 63 2 94 105 27 101 -1
22 6 94 27 17 56 61 0 80 63 8 49 52 89 11 -1
92 72 108 5 42 57 7 41 12 63 2 94 27 21 86 6 66 9 23 -1
36 72 92 9 66 6 94 2 63 8 62 12 38 55 101 27 21 86 -1
76 102 71 86 6 94 101 55 80 0 65 50 95 27 105 83 2 45 87 39 78 -1
91 52 10 25 7 41 12 63 55 101 27 59 21 86 6 22 19 9 92 64 11 -1
91 100 67 92 72 108 5 42 57 7 41 12 63 2 15 66 9 23 82 26 -1
32 27 94 2 63 12 41 7 52 100 67 92 44 30 29 26 82 23 9 93 -1
19 22 6 94 101 55 39 65 0 80 63 2 15 66 9 92 72 79 11 96 -1
85 54 66 9 92 67 100 91 52 7 41 12 63 55 101 27 21 86 71 88 -1
90 49 52 89 109 64 36 107 5 42 57 7 70 103 12 63 -1
22 6 86 28 21 27 101 55 63 12 41 7 57 42 73 89 52 10 25 70 -1
74 38 45 2 83 3 19 33 99 76 102 71 86 6 94 101 55 87 -1
4 36 64 89 52 91 8 63 55 39 17 68 50 65 0 80 38 53 -1
75 50 65 39 55 101 94 6 66 9 92 72 79 11 96 42 57 7 41 74 38 45 -1
71 102 19 82 23 9 3 83 2 45 87 55 101 94 6 66 18 -1
106 57 7 41 74 38 45 2 83 3 19 33 76 -1
36 64 92 18 98 3 66 6 86 21 68 17 39 55 38 74 58 80 -1
1 87 45 2 83 3 18 66 6 94 101 55 80 97 58 60 41 7 84 -1
101 55 63 8 49 7 103 12 38 45 2 83 3 19 102 33 82 44 72 108 -1
67 93 66 6 94 27 95 20 68 21 46 51 102 14 69 43 72 108 5 42 57 40 -1
86 6 3 67 100 52 10 40 57 42 5 108 48 44 82 19 102 51 46 21 68 20 -1
4 36 64 92 9 19 102 71 86 6 3 67 100 52 89 42 57 7 49 35 -1
34 2 45 38 55 101 94 6 86 51 102 19 3 93 100 52 7 41 60 58 97 -1
37 10 52 100 93 3 6 94 27 17 56 61 0 80 55 101 -1
104 41 12 63 2 83 3 19 33 99 -1
56 17 27 94 81 86 21 32 95 78 0 80 45 53 12 16 41 7 52 100 93 34 -1
106 57 7 52 100 18 9 23 19 85 94 27 17 39 55 63 53 90 -1
75 17 27 94 85 19 3 34 2 45 87 56 -1
75 17 27 21 28 86 6 3 98 18 66 85 94 2 35 49 52 89 64 73 -1
74 41 7 52 89 64 92 9 19 33 99 76 102 71 86 6 94 2 63 12 103 70 -1
95 17 39 55 63 12 41 7 57 106 89 52 100 18 34 2 45 80 97 -1
103 7 57 42 73 64 92 72 79 11 109 89 52 49 90 53 12 16 -1
10 7 41 12 63 55 101 27 95 32 21 86 6 66 93 100 52 89 96 64 92 67 -1
81 94 2 35 49 52 100 67 3 6 86 46 51 102 19 85 66 15 54 -1
97 80 63 2 15 3 19 33 99 76 102 88 71 86 6 66 18 92 44 30 -1
83 2 63 12 16 41 7 49 90 53 45 80 0 56 17 32 21 86 24 31 -1
81 94 27 17 39 55 38 74 41 7 84 25 10 52 100 67 93 35 8 -1
52 100 18 3 22 31 19 9 93 35 49 7 25 10 57 42 89 64 92 44 82 33 -1
24 31 33 82 44 48 108 5 11 89 52 49 8 63 45 87 56 -1
101 94 6 3 67 92 48 107 5 42 57 10 70 41 12 63 55 87 56 -1
104 41 12 63 2 83 3 19 33 76 102 71 86 6 94 101 55 38 58 -1
9 3 6 86 21 13 50 65 56 87 55 101 27 59 -1
29 26 82 19 24 86 21 27 94 6 3 67 92 48 107 -1
34 2 63 12 47 103 7 57 42 5 11 89 52 10 25 -1
8 35 15 54 6 94 27 32 21 86 81 3 67 92 64 36 -1
103 41 104 7 52 89 106 57 37 10 70 16 12 62 -1
34 2 94 27 95 50 13 21 86 6 66 15 83 3 67 92 48 107 -1
9 3 6 94 27 95 20 50 65 0 80 45 2 34 18 92 48 107 -1
1 87 45 2 15 18 92 48 44 82 19 3 81 86 51 102 14 -1
26 82 19 85 94 27 17 56 87 45 2 15 54 3 9 92 64 36 107 77 -1
75 17 39 87 97 80 55 101 27 21 86 71 102 76 31 51 46 28 59 95 20 -1
75 17 27 94 2 35 90 49 52 100 18 66 6 86 28 21 68 50 65 0 80 58 -1

