routeSetSize:15
pSwap:0
popSize:1
elite:2
pSm:0.1
paSm:0
prcm:0
pDelete:0.4
tFit:200
neighborhoodSize:50
maxGen:200
run:10
stableCount:20
e:0.7
minGen:1
minFitnessRatio:1e-05
minRouteLength:10
maxRouteLength:30
maxIter:1
beta:0.8
beta:0.8
 OpATT19.2695
minRputeSize: 10 maxRouteSize: 30
mutation constructed
Initial : -2.23361e+07
0.45834
0.499001
0.0413411
0.00131868
23.1314

-----------------------------------------
Iteration:0 started

Gen:0
0.461107,0.497921,0.0409725,0,23.0632,-2.22119e+07
0
0 0 2 -22211855.000000
Time: 8.780000
Gen:1
0.456455,0.513703,0.0298416,0,23.0112,-2.21617e+07
0
0 0 2 -22161730.000000
Time: 8.920000
Gen:2
0.470493,0.499644,0.0298624,0,22.9052,-2.20596e+07
0
0 0 2 -22059610.000000
Time: 9.010000
Gen:3
0.472305,0.497832,0.0298624,0,22.9011,-2.20557e+07
0
0 0 0 -22055675.000000
Time: 8.940000
Gen:4
0.472767,0.49737,0.0298624,0,22.8832,-2.20385e+07
0
0 0 0 -22038480.000000
Time: 8.980000
Gen:5
0.473245,0.496893,0.0298624,0,22.8823,-2.20376e+07
0
0 0 0 -22037560.000000
Time: 9.050000
Gen:6
0.472887,0.496644,0.0304698,0,22.877,-2.20325e+07
0
0 0 2 -22032530.000000
Time: 9.080000
Gen:7
0.474714,0.495527,0.0297585,0,22.8702,-2.20259e+07
0
0 0 0 -22025900.000000
Time: 9.060000
Gen:8
0.474714,0.495527,0.0297585,0,22.8702,-2.20259e+07
0
0 0 0 -22025900.000000
ratio: 0.000000 stable count: 1
Time: 9.070000
Gen:9
0.483768,0.485918,0.030314,0,22.8404,-2.19973e+07
0
0 0 2 -21997275.000000
Time: 9.200000
Gen:10
0.486998,0.491795,0.0212079,0,22.8127,-2.19706e+07
0
0 0 2 -21970610.000000
Time: 9.360000
Gen:11
0.485726,0.497422,0.0168521,0,22.7143,-2.18758e+07
0
0 0 2 -21875825.000000
Time: 9.540000
Gen:12
0.482403,0.504016,0.0135814,0,22.699,-2.1861e+07
0
0 0 2 -21861035.000000
Time: 9.510000
Gen:13
0.482579,0.504239,0.0131816,0,22.6934,-2.18556e+07
0
0 0 2 -21855635.000000
Time: 9.100000
Gen:14
0.483628,0.50319,0.0131816,0,22.6817,-2.18444e+07
0
0 0 0 -21844440.000000
Time: 8.940000
Gen:15
0.484853,0.501965,0.0131816,0,22.6762,-2.18391e+07
0
0 0 0 -21839135.000000
Time: 9.020000
Gen:16
0.485393,0.501425,0.0131816,0,22.6735,-2.18365e+07
0
0 0 0 -21836535.000000
Time: 9.010000
Gen:17
0.485637,0.501181,0.0131816,0,22.6728,-2.18358e+07
0
0 0 0 -21835830.000000
Time: 9.090000
Gen:18
0.485637,0.501181,0.0131816,0,22.6728,-2.18358e+07
0
0 0 2 -21835830.000000
ratio: 0.000000 stable count: 1
Time: 9.210000
Gen:19
0.486172,0.500646,0.0131816,0,22.6673,-2.18305e+07
0
0 0 0 -21830495.000000
Time: 9.130000
Gen:20
0.486172,0.500646,0.0131816,0,22.6673,-2.18305e+07
0
0 0 0 -21830495.000000
ratio: 0.000000 stable count: 1
Time: 9.200000
Gen:21
0.486805,0.500013,0.0131816,0,22.6613,-2.18248e+07
0
0 0 0 -21824805.000000
Time: 9.210000
Gen:22
0.487013,0.499805,0.0131816,0,22.6599,-2.18234e+07
0
0 0 0 -21823385.000000
Time: 9.200000
Gen:23
0.492926,0.495834,0.0112399,0,22.6053,-2.17708e+07
0
0 0 2 -21770780.000000
Time: 9.300000
Gen:24
0.492926,0.495834,0.0112399,0,22.6053,-2.17708e+07
0
0 0 2 -21770780.000000
ratio: 0.000000 stable count: 1
Time: 9.510000
Gen:25
0.493331,0.495429,0.0112399,0,22.5999,-2.17656e+07
0
0 0 0 -21765630.000000
Time: 9.440000
Gen:26
0.496031,0.48721,0.0167586,0,22.5953,-2.17612e+07
0
0 0 2 -21761155.000000
Time: 9.480000
Gen:27
0.496093,0.487148,0.0167586,0,22.5949,-2.17608e+07
0
0 0 0 -21760795.000000
Time: 9.450000
Gen:28
0.497656,0.487174,0.01517,0,22.573,-2.17397e+07
0
0 0 0 -21739740.000000
Time: 9.580000
Gen:29
0.495678,0.490289,0.014033,0,22.567,-2.17339e+07
0
0 0 2 -21733925.000000
Time: 9.600000
Gen:30
0.496488,0.489744,0.0137683,0,22.5482,-2.17158e+07
0
0 0 0 -21715840.000000
Time: 9.790000
Gen:31
0.496488,0.489744,0.0137683,0,22.5482,-2.17158e+07
0
0 0 2 -21716255.000000
ratio: 0.000000 stable count: 1
Time: 9.850000
Gen:32
0.496509,0.489723,0.0137683,0,22.543,-2.17108e+07
0
0 0 0 -21710795.000000
Time: 9.870000
Gen:33
0.498025,0.490564,0.0114112,0,22.52,-2.16887e+07
0
0 0 0 -21688665.000000
Time: 9.860000
Gen:34
0.499094,0.489495,0.0114112,0,22.5072,-2.16764e+07
0
0 0 0 -21676365.000000
Time: 10.010000
Gen:35
0.499556,0.489033,0.0114112,0,22.5049,-2.16741e+07
0
0 0 0 -21674140.000000
Time: 10.010000
Gen:36
0.500345,0.488244,0.0114112,0,22.5045,-2.16737e+07
0
0 0 2 -21673725.000000
Time: 9.960000
Gen:37
0.500703,0.487885,0.0114112,0,22.4996,-2.1669e+07
0
0 0 0 -21669040.000000
Time: 9.940000
Gen:38
0.500703,0.487885,0.0114112,0,22.4992,-2.16687e+07
0
0 0 0 -21668660.000000
Time: 10.070000
Gen:39
0.500703,0.487885,0.0114112,0,22.4992,-2.16687e+07
0
0 0 0 -21671565.000000
ratio: 0.000000 stable count: 1
Time: 10.100000
Gen:40
0.500703,0.487885,0.0114112,0,22.4992,-2.16687e+07
0
0 0 0 -21671945.000000
ratio: 0.000000 stable count: 2
Time: 10.030000
Gen:41
0.500703,0.487885,0.0114112,0,22.4992,-2.16687e+07
0
0 0 2 -21672360.000000
ratio: 0.000000 stable count: 3
Time: 10.070000
Gen:42
0.500703,0.487885,0.0114112,0,22.4992,-2.16687e+07
0
0 0 0 -21672360.000000
ratio: 0.000000 stable count: 4
Time: 9.990000
Gen:43
0.500703,0.487885,0.0114112,0,22.4992,-2.16687e+07
0
0 0 0 -21672360.000000
ratio: 0.000000 stable count: 5
Time: 10.050000
Gen:44
0.500703,0.487885,0.0114112,0,22.4992,-2.16687e+07
0
0 0 0 -21672360.000000
ratio: 0.000000 stable count: 6
Time: 10.090000
Gen:45
0.500703,0.487885,0.0114112,0,22.4992,-2.16687e+07
0
0 0 2 -21672360.000000
ratio: 0.000000 stable count: 7
Time: 10.050000
Gen:46
0.500703,0.487885,0.0114112,0,22.4992,-2.16687e+07
0
0 0 0 -21670000.000000
ratio: 0.000000 stable count: 8
Time: 10.090000
Gen:47
0.500703,0.487885,0.0114112,0,22.4992,-2.16687e+07
0
0 0 2 -21670000.000000
ratio: 0.000000 stable count: 9
Time: 10.070000
Gen:48
0.50169,0.486899,0.0114112,0,22.4951,-2.16647e+07
0
0 0 0 -21664695.000000
Time: 10.090000
Gen:49
0.50169,0.486899,0.0114112,0,22.4951,-2.16647e+07
0
0 0 2 -21664695.000000
ratio: 0.000000 stable count: 9
Time: 10.080000
Gen:50
0.501991,0.486598,0.0114112,0,22.4945,-2.16641e+07
0
0 0 0 -21664115.000000
Time: 10.160000
Gen:51
0.501991,0.486598,0.0114112,0,22.4945,-2.16641e+07
0
0 0 2 -21664115.000000
ratio: 0.000000 stable count: 9
Time: 10.190000
Gen:52
0.501991,0.486598,0.0114112,0,22.4945,-2.16641e+07
0
0 0 0 -21664115.000000
ratio: 0.000000 stable count: 10
Time: 10.170000
Gen:53
0.502604,0.485985,0.0114112,0,22.4906,-2.16604e+07
0
0 0 0 -21660360.000000
Time: 10.160000
Gen:54
0.503393,0.485196,0.0114112,0,22.4902,-2.16599e+07
0
0 0 2 -21659945.000000
Time: 10.320000
Gen:55
0.503393,0.485196,0.0114112,0,22.4902,-2.16599e+07
0
0 0 0 -21659945.000000
ratio: 0.000000 stable count: 9
Time: 10.190000
Gen:56
0.503393,0.485196,0.0114112,0,22.4902,-2.16599e+07
0
0 0 2 -21660360.000000
ratio: 0.000000 stable count: 10
Time: 10.270000
Gen:57
0.503393,0.485196,0.0114112,0,22.4902,-2.16599e+07
0
0 0 0 -21661760.000000
ratio: 0.000000 stable count: 11
Time: 10.220000
Gen:58
0.504306,0.484282,0.0114112,0,22.4792,-2.16494e+07
0
0 0 0 -21649370.000000
Time: 10.210000
Gen:59
0.504306,0.484282,0.0114112,0,22.4792,-2.16494e+07
0
0 0 2 -21649370.000000
ratio: 0.000000 stable count: 11
Time: 10.260000
Gen:60
0.504306,0.484282,0.0114112,0,22.4792,-2.16494e+07
0
0 0 0 -21649370.000000
ratio: 0.000000 stable count: 12
Time: 10.220000
Gen:61
0.504306,0.484282,0.0114112,0,22.4792,-2.16494e+07
0
0 0 2 -21649370.000000
ratio: 0.000000 stable count: 13
Time: 10.290000
Gen:62
0.504306,0.484282,0.0114112,0,22.4792,-2.16494e+07
0
0 0 2 -21649370.000000
ratio: 0.000000 stable count: 14
Time: 10.270000
Gen:63
0.504306,0.484282,0.0114112,0,22.4792,-2.16494e+07
0
0 0 0 -21653125.000000
ratio: 0.000000 stable count: 15
Time: 10.390000
Gen:64
0.504306,0.484282,0.0114112,0,22.4792,-2.16494e+07
0
0 0 0 -21652440.000000
ratio: 0.000000 stable count: 16
Time: 10.270000
Gen:65
0.504306,0.484282,0.0114112,0,22.4792,-2.16494e+07
0
