neighborhoodSize:20
run:3
stableCount:20
minFitnessRatio:1e-05
paSm:0.1
routeSetSize:15
popSize:10
elite:2
maxGen:200
pSm:0.5
beta:0.8
pDelete:0.4
maxIter:1
pSwap:1
tFit:120
e:0.7
maxRouteLength:30
minGen:1
prcm:0
minRouteLength:10
minRouteLength:10
 OpATT19.2695
minRputeSize: 10 maxRouteSize: 30
mutation constructed
Initial : -2.23361e+07
0.45834
0.499001
0.0413411
0.00131868
23.1314

-----------------------------------------
Iteration:0 started

Gen:0
0.461278,0.497251,0.0414709,0,23.0584,-2.22072e+07
420249
0 0 2 -22296620.000000
1 1 2 -22300928.027344
2 1 2 -22300928.027344
3 0 2 -22207195.000000
4 0 2 -22296620.000000
5 0 2 -22296620.000000
6 0 1 -22319077.304688
7 0 2 -22207195.000000
8 1 2 -22300928.027344
9 0 2 -22207195.000000
Time: 34.800000
Gen:1
0.45997,0.514986,0.0250445,0,22.9126,-2.20668e+07
43733.9
0 3 2 -22066765.000000
1 9 2 -22075865.000000
2 3 2 -22066765.000000
3 9 2 -22075865.000000
4 3 2 -22066765.000000
5 7 2 -22073450.000000
6 7 2 -22073450.000000
7 3 2 -22081820.000000
8 3 2 -22066765.000000
9 7 2 -22073450.000000
Time: 36.280000
Gen:2
0.472741,0.506196,0.0210625,0,22.8319,-2.19891e+07
4920.82
0 9 2 -21989070.000000
1 9 2 -21989070.000000
2 5 2 -21989070.000000
3 9 0 -22032275.000000
4 5 2 -21989070.000000
5 5 2 -21989070.000000
6 9 2 -21989070.000000
7 5 2 -21989070.000000
8 5 2 -21989070.000000
9 5 2 -21989070.000000
Time: 33.840000
Gen:3
0.475389,0.506129,0.0184823,0,22.8076,-2.19656e+07
12961.5
0 7 1 -21965650.000000
1 7 1 -21965650.000000
2 7 1 -21965650.000000
3 7 1 -21965650.000000
4 7 1 -21965650.000000
5 7 1 -21965650.000000
6 2 0 -21968140.000000
7 7 1 -21965650.000000
8 7 1 -21965650.000000
9 6 0 -21968140.000000
Time: 33.410000
Gen:4
0.474029,0.511938,0.014033,0,22.7486,-2.19088e+07
996
0 7 0 -21946545.000000
1 0 2 -21908790.000000
2 0 2 -21908790.000000
3 1 1 -21946310.000000
4 0 2 -21908790.000000
5 1 1 -21946310.000000
6 0 2 -21908790.000000
7 6 2 -21911280.000000
8 4 0 -21954710.000000
9 0 2 -21908790.000000
Time: 33.510000
Gen:5
0.476137,0.509555,0.0143082,0,22.7189,-2.18803e+07
19383.2
0 7 1 -21880260.000000
1 7 1 -21880260.000000
2 1 2 -21893945.000000
3 7 1 -21880260.000000
4 7 1 -21880260.000000
5 7 1 -21880260.000000
6 6 0 -21889685.000000
7 7 1 -21880260.000000
8 2 1 -21892100.000000
9 7 1 -21880260.000000
Time: 33.620000
Gen:6
0.483073,0.501752,0.0151752,0,22.6909,-2.18533e+07
5423.52
0 5 1 -21859260.000000
1 0 2 -21853285.000000
2 5 1 -21859260.000000
3 0 2 -21853285.000000
4 0 2 -21853285.000000
5 0 2 -21857165.000000
6 0 2 -21853285.000000
7 0 2 -21853285.000000
8 5 1 -21859260.000000
9 0 2 -21853285.000000
Time: 34.130000
Gen:7
0.486343,0.498554,0.0151025,0,22.6686,-2.18317e+07
2731.49
0 8 2 -21836465.000000
1 3 1 -21831745.000000
2 3 0 -21835075.000000
3 3 1 -21831745.000000
4 1 0 -21841265.000000
5 1 0 -21841265.000000
6 3 1 -21831745.000000
7 3 1 -21831745.000000
8 8 2 -21836465.000000
9 5 0 -21840620.000000
Time: 35.170000
Gen:8
0.490247,0.496202,0.0135502,0,22.6414,-2.18056e+07
3874.86
0 4 2 -21805565.000000
1 4 0 -21814620.000000
2 4 2 -21805565.000000
3 4 0 -21814620.000000
4 4 2 -21805565.000000
5 5 0 -21823055.000000
6 4 2 -21805565.000000
7 4 0 -21814620.000000
8 4 2 -21805565.000000
9 4 0 -21814620.000000
Time: 36.240000
Gen:9
0.49369,0.493103,0.0132076,0,22.6133,-2.17785e+07
5877.04
0 8 0 -21781540.000000
1 8 1 -21778505.000000
2 8 1 -21778505.000000
3 8 0 -21781540.000000
4 6 1 -21800415.000000
5 4 0 -21781540.000000
6 8 1 -21778505.000000
7 8 1 -21778505.000000
8 2 0 -21800890.000000
9 4 0 -21781540.000000
Time: 36.600000
Gen:10
0.494349,0.491971,0.01368,0,22.5911,-2.17571e+07
8363.55
0 7 1 -21757120.000000
1 7 1 -21757120.000000
2 9 1 -21757595.000000
3 9 1 -21757595.000000
4 7 1 -21757120.000000
5 9 1 -21757595.000000
6 9 1 -21757595.000000
7 9 1 -21757595.000000
8 7 1 -21757120.000000
9 6 0 -21773525.000000
Time: 38.120000
Gen:11
0.493871,0.49397,0.0121588,0,22.5779,-2.17444e+07
4847.51
0 6 0 -21744425.000000
1 6 0 -21747380.000000
2 6 0 -21744425.000000
3 6 0 -21747380.000000
4 6 0 -21747380.000000
5 2 0 -21751485.000000
6 6 0 -21744425.000000
7 6 0 -21744425.000000
8 6 0 -21744425.000000
9 6 0 -21744425.000000
Time: 38.670000
Gen:12
0.49601,0.491831,0.0121588,0,22.57,-2.17368e+07
2251.2
0 2 1 -21738220.000000
1 8 1 -21736850.000000
2 3 0 -21740225.000000
3 8 1 -21736850.000000
4 8 1 -21736850.000000
5 8 1 -21736850.000000
6 8 1 -21736850.000000
7 8 1 -21736850.000000
8 8 1 -21736850.000000
9 8 1 -21736850.000000
Time: 38.700000
Gen:13
0.496441,0.4914,0.0121588,0,22.5635,-2.17306e+07
1049.57
0 7 0 -21731955.000000
1 7 0 -21731955.000000
2 5 0 -21730580.000000
3 5 0 -21730580.000000
4 5 0 -21730580.000000
5 7 0 -21730740.000000
6 7 0 -21730740.000000
7 9 1 -21732310.000000
8 8 0 -21733380.000000
9 8 0 -21733380.000000
Time: 39.760000
Gen:14
0.498154,0.489687,0.0121588,0,22.5572,-2.17245e+07
1081.17
0 5 1 -21724470.000000
1 2 0 -21726550.000000
2 5 1 -21724470.000000
3 5 1 -21724470.000000
4 3 0 -21725685.000000
5 5 1 -21724470.000000
6 3 0 -21725685.000000
7 5 1 -21724470.000000
8 7 1 -21727435.000000
9 5 1 -21724470.000000
Time: 39.950000
Gen:15
0.49913,0.488711,0.0121588,0,22.5486,-2.17162e+07
1023.84
0 5 1 -21716230.000000
1 7 0 -21716230.000000
2 5 1 -21716230.000000
3 5 1 -21716230.000000
4 7 0 -21716230.000000
5 7 0 -21716230.000000
6 6 0 -21719575.000000
7 7 0 -21716230.000000
8 5 1 -21716230.000000
9 5 1 -21716230.000000
Time: 40.420000
Gen:16
0.502162,0.485585,0.0122523,0,22.536,-2.17041e+07
1003.5
0 7 0 -21713105.000000
1 8 1 -21711355.000000
2 7 0 -21713105.000000
3 8 1 -21711355.000000
4 2 0 -21713130.000000
5 8 1 -21711355.000000
6 7 0 -21704100.000000
7 7 0 -21704100.000000
8 8 1 -21711355.000000
9 7 0 -21704100.000000
Time: 40.730000
Gen:17
0.504467,0.48328,0.0122523,0,22.5293,-2.16977e+07
3741.51
0 7 0 -21697655.000000
1 5 0 -21703015.000000
2 0 1 -21702710.000000
3 7 0 -21697655.000000
4 7 0 -21697655.000000
5 7 0 -21697655.000000
6 6 0 -21701150.000000
7 6 0 -21700850.000000
8 7 0 -21697655.000000
9 7 0 -21697655.000000
Time: 41.140000
Gen:18
0.505521,0.483005,0.0114735,0,22.5196,-2.16883e+07
2178.25
0 5 0 -21696205.000000
1 0 0 -21689305.000000
2 0 1 -21688300.000000
3 0 1 -21691975.000000
4 0 0 -21689305.000000
5 0 1 -21688300.000000
6 0 1 -21688300.000000
7 0 1 -21688300.000000
8 0 0 -21690940.000000
9 0 0 -21690940.000000
Time: 41.190000
Gen:19
0.505521,0.483005,0.0114735,0,22.5113,-2.16803e+07
2373.74
0 5 0 -21680260.000000
1 4 0 -21685790.000000
2 7 0 -21680260.000000
3 5 0 -21680260.000000
4 7 0 -21680260.000000
5 7 0 -21680260.000000
6 7 0 -21680260.000000
7 7 0 -21683580.000000
8 5 0 -21680260.000000
9 2 0 -21685350.000000
Time: 41.500000
Gen:20
0.506747,0.48178,0.0114735,0,22.5064,-2.16755e+07
2192.69
0 4 0 -21675585.000000
1 2 0 -21675540.000000
2 4 0 -21677265.000000
3 3 0 -21675585.000000
4 2 0 -21675540.000000
5 2 0 -21675540.000000
6 2 0 -21675540.000000
7 3 0 -21675585.000000
8 2 0 -21675865.000000
9 3 0 -21675585.000000
Time: 41.750000
Gen:21
0.509519,0.478582,0.0118993,0,22.4942,-2.16639e+07
509.123
0 8 2 -21663870.000000
1 8 2 -21663870.000000
2 8 1 -21670990.000000
3 5 1 -21664780.000000
4 8 2 -21663870.000000
5 8 2 -21663870.000000
6 8 2 -21663870.000000
7 8 2 -21663870.000000
8 8 2 -21663870.000000
9 8 2 -21663870.000000
Time: 41.890000
Gen:22
0.518423,0.467643,0.0139344,0,22.4775,-2.16477e+07
2123.07
0 2 2 -21647740.000000
1 2 2 -21658995.000000
2 2 2 -21647740.000000
3 2 2 -21658995.000000
4 6 0 -21659280.000000
5 2 2 -21647740.000000
6 0 1 -21659195.000000
7 2 2 -21647740.000000
8 2 2 -21647740.000000
9 2 2 -21658995.000000
Time: 41.860000
Gen:23
0.519409,0.466657,0.0139344,0,22.4729,-2.16433e+07
5676.65
0 0 0 -21646820.000000
1 2 0 -21643320.000000
2 2 0 -21643320.000000
3 2 0 -21643320.000000
4 2 0 -21643320.000000
5 2 0 -21643320.000000
6 0 0 -21646820.000000
7 2 0 -21643320.000000
8 7 0 -21645790.000000
9 0 0 -21646820.000000
Time: 42.720000
Gen:24
0.521387,0.464679,0.0139344,0,22.4636,-2.16344e+07
1613.34
0 3 0 -21638645.000000
1 9 1 -21634355.000000
2 9 1 -21634355.000000
3 5 0 -21641020.000000
4 3 0 -21638645.000000
5 9 1 -21634355.000000
6 3 0 -21638645.000000
7 9 1 -21634355.000000
8 3 0 -21638645.000000
9 5 0 -21641020.000000
Time: 43.460000
Gen:25
0.514856,0.473556,0.0115878,0,22.453,-2.16242e+07
2636.23
0 6 0 -21629505.000000
1 6 0 -21629505.000000
2 2 1 -21626005.000000
3 2 1 -21626005.000000
4 3 2 -21624150.000000
5 7 0 -21630180.000000
6 2 1 -21626005.000000
7 6 0 -21629505.000000
8 3 2 -21624150.000000
9 3 2 -21624150.000000
Time: 43.510000
Gen:26
0.523225,0.462841,0.0139344,0,22.4499,-2.16212e+07
2370.75
0 1 0 -21621155.000000
1 0 0 -21622790.000000
2 1 0 -21621155.000000
3 0 0 -21622790.000000
4 8 0 -21623490.000000
5 8 0 -21623490.000000
6 1 0 -21621155.000000
7 8 0 -21623490.000000
8 0 0 -21622790.000000
9 1 0 -21621155.000000
Time: 43.250000
Gen:27
0.520006,0.467975,0.0120187,0,22.424,-2.15962e+07
1009.53
0 5 0 -21613335.000000
1 5 0 -21613335.000000
2 6 0 -21618855.000000
3 5 0 -21613335.000000
4 6 0 -21619205.000000
5 6 0 -21618855.000000
6 6 2 -21596220.000000
7 6 2 -21596220.000000
8 2 0 -21616980.000000
9 5 0 -21613335.000000
Time: 43.330000
Gen:28
0.521221,0.46676,0.0120187,0,22.422,-2.15943e+07
8220.89
