pSwap:1
pSm:0.5
prcm:0
maxGen:200
minRouteLength:10
routeSetSize:15
paSm:0.1
maxRouteLength:30
stableCount:20
tFit:20
minGen:1
popSize:10
e:0.7
minFitnessRatio:1e-05
maxIter:1
neighborhoodSize:20
beta:0.8
elite:2
pDelete:0.4
run:3
run:3
 OpATT19.2695
minRputeSize: 10 maxRouteSize: 30
mutation constructed
Initial : -2.23361e+07
0.45834
0.499001
0.0413411
0.00131868
23.1314

-----------------------------------------
Iteration:0 started

mutation done
selection done
Gen:0
0
0 1 2 3 4 5 6 7 8 9 
0.461107,0.497921,0.0409725,0,23.0632,-2.22119e+07
908598
Time: 32.830000
mutation done
selection done
Gen:1
0
0 0 0 1 0 0 0 0 0 0 
0.464964,0.507177,0.0275936,0.000264774,22.9892,-2.21523e+07
56684
Time: 34.610000
mutation done
selection done
Gen:2
0
0 0 0 0 0 0 0 0 0 0 
0.474724,0.499136,0.02614,0,22.92,-2.20739e+07
22980.3
Time: 34.650000
mutation done
selection done
Gen:3
0
0 0 0 0 0 0 0 0 0 0 
0.477071,0.496789,0.02614,0,22.8874,-2.20425e+07
23543.5
Time: 34.250000
mutation done
selection done
Gen:4
0
0 0 0 0 0 0 0 0 0 0 
0.479272,0.495849,0.0248784,0,22.8438,-2.20005e+07
28009.9
Time: 34.250000
mutation done
selection done
Gen:5
0
0 0 0 0 0 0 0 0 0 0 
0.484692,0.492054,0.0232534,0,22.8065,-2.19646e+07
12398.6
Time: 35.120000
mutation done
selection done
Gen:6
0
0 0 0 0 0 0 0 0 0 0 
0.485352,0.491457,0.0231911,0,22.7978,-2.19562e+07
12411.3
Time: 35.760000
mutation done
selection done
Gen:7
0
0 0 0 0 0 0 0 0 0 0 
0.48816,0.489199,0.0226408,0,22.7733,-2.19326e+07
13003.3
Time: 36.350000
mutation done
selection done
Gen:8
0
0 0 0 0 0 0 0 0 0 0 
0.488477,0.487242,0.0242813,0,22.7462,-2.19065e+07
12004.3
Time: 36.620000
mutation done
selection done
Gen:9
0
0 0 0 0 0 0 0 0 0 0 
0.490824,0.484895,0.0242813,0,22.7135,-2.1875e+07
11620
Time: 37.480000
mutation done
selection done
Gen:10
0
0 0 0 0 0 0 0 0 0 0 
0.490237,0.489121,0.020642,0,22.7081,-2.18699e+07
11761.5
Time: 37.700000
mutation done
selection done
Gen:11
0
0 0 0 0 0 0 0 0 0 0 
0.490954,0.490569,0.0184771,0,22.6955,-2.18577e+07
4409.46
Time: 37.820000
mutation done
selection done
Gen:12
0
0 0 0 0 0 0 0 0 0 0 
0.492226,0.489297,0.0184771,0,22.6778,-2.18407e+07
6246.32
Time: 38.150000
mutation done
selection done
Gen:13
0
0 0 0 0 0 0 0 0 0 0 
0.497194,0.485752,0.0170546,0,22.6415,-2.18057e+07
6443.33
Time: 38.520000
mutation done
selection done
Gen:14
0
0 0 0 0 0 0 0 0 0 0 
0.501789,0.482434,0.0157774,0,22.6246,-2.17894e+07
12393.3
Time: 38.900000
mutation done
selection done
Gen:15
0
0 0 0 0 0 0 0 0 0 0 
0.497267,0.489214,0.0135191,0,22.5988,-2.17646e+07
11194.2
Time: 39.160000
mutation done
selection done
Gen:16
0
0 0 0 0 0 0 0 0 0 0 
0.498232,0.488477,0.0132906,0,22.5911,-2.17572e+07
8312
Time: 38.800000
mutation done
selection done
Gen:17
0
0 0 0 0 0 0 0 0 0 0 
0.504099,0.479262,0.0166392,0,22.5729,-2.17396e+07
5500.37
Time: 38.680000
mutation done
selection done
Gen:18
0
0 0 0 0 0 0 0 0 0 0 
0.507505,0.476085,0.0164108,0,22.5599,-2.17271e+07
5675.65
Time: 39.140000
mutation done
selection done
Gen:19
0
0 0 0 0 0 0 0 0 0 0 
0.505812,0.477777,0.0164108,0,22.5547,-2.17221e+07
7247.95
Time: 38.970000
mutation done
selection done
Gen:20
0
0 0 0 0 0 0 0 0 0 0 
0.506066,0.477523,0.0164108,0,22.5434,-2.17112e+07
4670.17
Time: 39.320000
mutation done
selection done
Gen:21
0
0 0 0 0 0 0 0 0 0 0 
0.506544,0.47744,0.0160162,0,22.5401,-2.17081e+07
4859.51
Time: 39.600000
mutation done
selection done
Gen:22
0
0 0 0 0 0 0 0 0 0 0 
0.510033,0.474397,0.0155698,0,22.5347,-2.17028e+07
4553.93
Time: 39.680000
mutation done
selection done
Gen:23
0
0 0 0 0 0 0 0 0 0 0 
0.509669,0.474522,0.0158086,0,22.5301,-2.16984e+07
2202.84
Time: 40.070000
mutation done
selection done
Gen:24
0
0 0 0 0 0 0 0 0 0 0 
0.511622,0.472809,0.0155698,0,22.5278,-2.16962e+07
3330.92
Time: 40.340000
mutation done
selection done
Gen:25
0
0 0 0 0 0 0 0 0 0 0 
0.510459,0.473972,0.0155698,0,22.5221,-2.16907e+07
2244.94
Time: 40.960000
mutation done
selection done
Gen:26
0
0 0 0 0 0 0 0 0 0 0 
0.512021,0.472409,0.0155698,0,22.508,-2.16771e+07
2161.62
Time: 41.090000
mutation done
selection done
Gen:27
0
0 0 0 0 0 0 0 0 0 0 
0.512499,0.472326,0.0151752,0,22.5048,-2.1674e+07
3983.33
Time: 41.310000
mutation done
selection done
Gen:28
0
0 0 0 0 0 0 0 0 0 0 
0.512686,0.472793,0.014521,0,22.5044,-2.16736e+07
3945.46
Time: 41.320000
mutation done
selection done
Gen:29
0
0 0 0 0 0 0 0 0 0 0 
0.512276,0.472155,0.0155698,0,22.4962,-2.16657e+07
2128.06
Time: 41.580000
mutation done
selection done
Gen:30
0
0 0 0 0 0 0 0 0 0 0 
0.514638,0.47028,0.0150817,0,22.4926,-2.16623e+07
3280.49
Time: 41.710000
mutation done
selection done
Gen:31
0
0 0 0 0 0 0 0 0 0 0 
0.513895,0.471365,0.0147391,0,22.4853,-2.16553e+07
1821.97
Time: 42.180000
mutation done
selection done
Gen:32
0
0 0 0 0 0 0 0 0 0 0 
0.513973,0.471288,0.0147391,0,22.4849,-2.16548e+07
2797.01
Time: 42.060000
mutation done
selection done
Gen:33
0
0 0 0 0 0 0 0 0 0 0 
0.516258,0.469491,0.0142511,0,22.4817,-2.16518e+07
2720.28
Time: 42.260000
mutation done
selection done
Gen:34
0
0 0 0 0 0 0 0 0 0 0 
0.515946,0.470862,0.013192,0,22.4756,-2.16459e+07
1348.65
Time: 42.270000
mutation done
selection done
Gen:35
0
0 0 0 0 0 0 0 0 0 0 
0.516034,0.469226,0.0147391,0,22.4647,-2.16354e+07
2776.52
Time: 42.710000
mutation done
selection done
Gen:36
0
0 0 0 0 0 0 0 0 0 0 
0.516034,0.469226,0.0147391,0,22.4647,-2.16354e+07
4012.49
ratio: 0.000000 stable count: 1
Time: 42.580000
mutation done
selection done
Gen:37
0
0 0 0 0 0 0 0 0 0 0 
0.516813,0.468448,0.0147391,0,22.4606,-2.16314e+07
3900.7
Time: 42.610000
mutation done
selection done
Gen:38
0
0 0 0 0 0 0 0 0 0 0 
0.517607,0.467653,0.0147391,0,22.4574,-2.16284e+07
2201.86
Time: 42.680000
mutation done
selection done
Gen:39
0
0 0 0 0 0 0 0 0 0 0 
0.517607,0.467653,0.0147391,0,22.4574,-2.16284e+07
1644.57
ratio: 0.000000 stable count: 1
Time: 42.690000
mutation done
selection done
Gen:40
0
0 0 0 0 0 0 0 0 0 0 
0.517961,0.4673,0.0147391,0,22.4536,-2.16247e+07
1558.56
Time: 42.700000
mutation done
selection done
Gen:41
0
0 0 0 0 0 0 0 0 0 0 
0.518324,0.466937,0.0147391,0,22.4525,-2.16236e+07
1437.1
Time: 42.950000
mutation done
selection done
Gen:42
0
0 0 0 0 0 0 0 0 0 0 
0.518438,0.467217,0.0143445,0,22.4503,-2.16216e+07
1123.36
Time: 43.360000
mutation done
selection done
Gen:43
0
0 0 0 0 0 0 0 0 0 0 
0.518438,0.467217,0.0143445,0,22.4503,-2.16216e+07
1222.3
ratio: 0.000000 stable count: 1
Time: 43.650000
mutation done
selection done
Gen:44
0
0 0 0 0 0 0 0 0 0 0 
0.518599,0.467056,0.0143445,0,22.4481,-2.16195e+07
1123.47
Time: 43.460000
mutation done
selection done
Gen:45
0
0 0 0 0 0 0 0 0 0 0 
0.519217,0.466439,0.0143445,0,22.446,-2.16174e+07
1123.24
Time: 43.490000
mutation done
selection done
Gen:46
0
0 0 0 0 0 0 0 0 0 0 
0.518937,0.466719,0.0143445,0,22.4439,-2.16154e+07
2016.35
Time: 43.360000
mutation done
selection done
Gen:47
0
0 0 0 0 0 0 0 0 0 0 
0.518937,0.466719,0.0143445,0,22.4439,-2.16154e+07
1812.41
ratio: 0.000000 stable count: 1
Time: 43.460000
mutation done
selection done
Gen:48
0
0 0 0 0 0 0 0 0 0 0 
0.518542,0.467113,0.0143445,0,22.4439,-2.16154e+07
658.913
ratio: 0.000002 stable count: 2
Time: 43.540000
mutation done
selection done
Gen:49
0
0 0 0 0 0 0 0 0 0 0 
0.51902,0.466657,0.0143238,0,22.4395,-2.16112e+07
749.257
Time: 43.180000
mutation done
selection done
Gen:50
0
0 0 0 0 0 0 0 0 0 0 
0.519092,0.466584,0.0143238,0,22.4391,-2.16108e+07
2064.32
Time: 43.590000
mutation done
selection done
Gen:51
0
0 0 0 0 0 0 0 0 0 0 
0.519092,0.466584,0.0143238,0,22.4391,-2.16108e+07
1483.44
ratio: 0.000000 stable count: 1
Time: 43.410000
mutation done
selection done
Gen:52
0
0 0 0 0 0 0 0 0 0 0 
0.520006,0.46567,0.0143238,0,22.4371,-2.16088e+07
255.514
Time: 43.660000
mutation done
selection done
Gen:53
0
0 0 0 0 0 0 0 0 0 0 
0.520006,0.46567,0.0143238,0,22.4371,-2.16088e+07
1009.52
ratio: 0.000000 stable count: 1
Time: 43.590000
mutation done
selection done
Gen:54
0
0 0 0 0 0 0 0 0 0 0 
0.520006,0.46567,0.0143238,0,22.4371,-2.16088e+07
791.161
ratio: 0.000000 stable count: 2
Time: 44.150000
mutation done
selection done
Gen:55
0
0 0 0 0 0 0 0 0 0 0 
0.520079,0.465598,0.0143238,0,22.4368,-2.16085e+07
1094.5
Time: 43.920000
mutation done
selection done
Gen:56
0
0 0 0 0 0 0 0 0 0 0 
0.520006,0.46567,0.0143238,0,22.4365,-2.16083e+07
1123.26
ratio: 0.000009 stable count: 2
Time: 45.210000
mutation done
selection done
Gen:57
0
0 0 0 0 0 0 0 0 0 0 
0.520587,0.465089,0.0143238,0,22.433,-2.16049e+07
1130.67
Time: 44.340000
mutation done
selection done
Gen:58
0
0 0 0 0 0 0 0 0 0 0 
0.520587,0.465089,0.0143238,0,22.433,-2.16049e+07
3295.47
ratio: 0.000000 stable count: 2
Time: 44.490000
mutation done
selection done
Gen:59
0
0 0 0 0 0 0 0 0 0 0 
0.519622,0.466054,0.0143238,0,22.4231,-2.15954e+07
2166.43
Time: 45.260000
mutation done
selection done
Gen:60
0
0 0 0 0 0 0 0 0 0 0 
0.521449,0.464938,0.0136125,0,22.4162,-2.15887e+07
5817.83
Time: 45.550000
mutation done
selection done
Gen:61
0
0 0 0 0 0 0 0 0 0 0 
0.521449,0.464938,0.0136125,0,22.4162,-2.15887e+07
4947.47
ratio: 0.000000 stable count: 1
Time: 44.940000
mutation done
selection done
Gen:62
0
0 0 0 0 0 0 0 0 0 0 
0.521449,0.464938,0.0136125,0,22.4162,-2.15887e+07
3914.47
ratio: 0.000000 stable count: 2
Time: 46.610000
mutation done
selection done
Gen:63
0
0 0 0 0 0 0 0 0 0 0 
0.521449,0.464938,0.0136125,0,22.4162,-2.15887e+07
1231.31
ratio: 0.000000 stable count: 3
Time: 45.670000
mutation done
selection done
Gen:64
0
0 0 0 0 0 0 0 0 0 0 
0.521527,0.46486,0.0136125,0,22.4159,-2.15884e+07
773.709
Time: 45.070000
mutation done
selection done
Gen:65
0
0 0 0 0 0 0 0 0 0 0 
0.521527,0.46486,0.0136125,0,22.4159,-2.15884e+07
889.863
ratio: 0.000000 stable count: 3
Time: 44.730000
mutation done
selection done
Gen:66
0
0 0 0 0 0 0 0 0 0 0 
0.521527,0.46486,0.0136125,0,22.4159,-2.15884e+07
1062.91
ratio: 0.000000 stable count: 4
Time: 47.830000
mutation done
selection done
Gen:67
0
0 0 0 0 0 0 0 0 0 0 
0.521527,0.46486,0.0136125,0,22.4157,-2.15883e+07
706.717
ratio: 0.000007 stable count: 5
Time: 46.650000
mutation done
selection done
Gen:68
0
0 0 0 0 0 0 0 0 0 0 
0.521527,0.46486,0.0136125,0,22.4157,-2.15883e+07
1294.23
ratio: 0.000000 stable count: 6
Time: 45.320000
mutation done
selection done
Gen:69
0
0 0 0 0 0 0 0 0 0 0 
0.521527,0.46486,0.0136125,0,22.4157,-2.15883e+07
984.574
ratio: 0.000000 stable count: 7
Time: 46.110000
mutation done
selection done
Gen:70
0
0 0 0 0 0 0 0 0 0 0 
0.521527,0.46486,0.0136125,0,22.4157,-2.15883e+07
772.179
ratio: 0.000000 stable count: 8
Time: 46.710000
mutation done
selection done
Gen:71
0
0 0 0 0 0 0 0 0 0 0 
0.521527,0.46486,0.0136125,0,22.4157,-2.15883e+07
1254.79
ratio: 0.000000 stable count: 9
Time: 44.660000
mutation done
selection done
Gen:72
0
0 0 0 0 0 0 0 0 0 0 
0.521527,0.46486,0.0136125,0,22.4157,-2.15883e+07
1135.67
ratio: 0.000000 stable count: 10
Time: 47.960000
mutation done
selection done
Gen:73
0
0 0 0 0 0 0 0 0 0 0 
0.52268,0.464492,0.0128286,0,22.4093,-2.1582e+07
1093.17
Time: 47.340000
mutation done
selection done
Gen:74
0
0 0 0 0 0 0 0 0 0 0 
0.523349,0.463822,0.0128286,0,22.4086,-2.15814e+07
2754.31
Time: 45.470000
mutation done
selection done
Gen:75
0
0 0 0 0 0 0 0 0 0 0 
0.522581,0.46459,0.0128286,0,22.4023,-2.15754e+07
2924.75
Time: 48.210000
mutation done
selection done
Gen:76
0
0 0 0 0 0 0 0 0 0 0 
0.522581,0.46459,0.0128286,0,22.4023,-2.15754e+07
2668.74
ratio: 0.000000 stable count: 8
Time: 46.310000
mutation done
selection done
Gen:77
0
0 0 0 0 0 0 0 0 0 0 
0.522659,0.464512,0.0128286,0,22.402,-2.15751e+07
2434.72
Time: 44.130000
mutation done
selection done
Gen:78
0
0 0 0 0 0 0 0 0 0 0 
0.522659,0.464512,0.0128286,0,22.402,-2.15751e+07
1859.78
ratio: 0.000000 stable count: 8
Time: 45.240000
mutation done
selection done
Gen:79
0
0 0 0 0 0 0 0 0 0 0 
0.522659,0.464512,0.0128286,0,22.402,-2.15751e+07
1672.92
ratio: 0.000000 stable count: 9
Time: 45.310000
mutation done
selection done
Gen:80
0
0 0 0 0 0 0 0 0 0 0 
0.522659,0.464512,0.0128286,0,22.402,-2.15751e+07
1563.7
ratio: 0.000000 stable count: 10
Time: 45.220000
mutation done
selection done
Gen:81
0
0 0 0 0 0 0 0 0 0 0 
0.522659,0.464512,0.0128286,0,22.402,-2.15751e+07
967.857
ratio: 0.000000 stable count: 11
Time: 46.410000
mutation done
selection done
Gen:82
0
0 0 0 0 0 0 0 0 0 0 
0.523246,0.46417,0.0125846,0,22.4019,-2.15749e+07
900.022
ratio: 0.000006 stable count: 12
Time: 45.440000
mutation done
selection done
Gen:83
0
0 0 0 0 0 0 0 0 0 0 
0.523246,0.46417,0.0125846,0,22.4019,-2.15749e+07
1287.89
ratio: 0.000000 stable count: 13
Time: 44.900000
mutation done
selection done
Gen:84
0
0 0 0 0 0 0 0 0 0 0 
0.523246,0.46417,0.0125846,0,22.4019,-2.15749e+07
754.94
ratio: 0.000000 stable count: 14
Time: 46.780000
mutation done
selection done
Gen:85
0
0 0 0 0 0 0 0 0 0 0 
0.523022,0.464788,0.01219,0,22.4006,-2.15737e+07
1075.39
Time: 45.140000
mutation done
selection done
Gen:86
0
0 0 0 0 0 0 0 0 0 0 
0.523022,0.464788,0.01219,0,22.4006,-2.15737e+07
1587.87
ratio: 0.000000 stable count: 14
Time: 44.530000
mutation done
selection done
Gen:87
0
0 0 0 0 0 0 0 0 0 0 
0.523022,0.464788,0.01219,0,22.4006,-2.15737e+07
1378.81
ratio: 0.000000 stable count: 15
Time: 45.850000
mutation done
selection done
Gen:88
0
0 0 0 0 0 0 0 0 0 0 
0.523022,0.464788,0.01219,0,22.4006,-2.15737e+07
1918.94
ratio: 0.000000 stable count: 16
Time: 45.410000
mutation done
selection done
Gen:89
0
0 0 0 0 0 0 0 0 0 0 
0.523318,0.464492,0.01219,0,22.3977,-2.15709e+07
1281.86
Time: 44.470000
mutation done
selection done
Gen:90
0
0 0 0 0 0 0 0 0 0 0 
0.524684,0.463313,0.0120031,0,22.3924,-2.15658e+07
2481.5
Time: 44.760000
mutation done
selection done
Gen:91
0
0 0 0 0 0 0 0 0 0 0 
0.524684,0.463313,0.0120031,0,22.3924,-2.15658e+07
3197.38
ratio: 0.000000 stable count: 15
Time: 46.320000
mutation done
selection done
Gen:92
0
0 0 0 0 0 0 0 0 0 0 
0.524684,0.463313,0.0120031,0,22.3924,-2.15658e+07
2746.43
ratio: 0.000000 stable count: 16
Time: 45.010000
mutation done
selection done
Gen:93
0
0 0 0 0 0 0 0 0 0 0 
0.524684,0.463313,0.0120031,0,22.3924,-2.15658e+07
2941.46
ratio: 0.000000 stable count: 17
Time: 44.260000
mutation done
selection done
Gen:94
0
0 0 0 0 0 0 0 0 0 0 
0.524684,0.463313,0.0120031,0,22.3924,-2.15658e+07
1548.93
ratio: 0.000000 stable count: 18
Time: 44.470000
mutation done
selection done
Gen:95
0
0 0 0 0 0 0 0 0 0 0 
0.524684,0.463313,0.0120031,0,22.3924,-2.15658e+07
1955.27
ratio: 0.000000 stable count: 19
Time: 44.470000
mutation done
selection done
Gen:96
0
0 0 0 0 0 0 0 0 0 0 
0.524684,0.463313,0.0120031,0,22.3924,-2.15658e+07
1215.38
ratio: 0.000000 stable count: 20
Time: 44.600000
mutation done
selection done
Gen:97
0
0 0 0 0 0 0 0 0 0 0 
0.523355,0.464642,0.0120031,0,22.3918,-2.15652e+07
1525.3
Time: 44.290000
mutation done
selection done
Gen:98
0
0 0 0 0 0 0 0 0 0 0 
0.523355,0.464642,0.0120031,0,22.3918,-2.15652e+07
2235.35
ratio: 0.000000 stable count: 20
Time: 44.660000
mutation done
selection done
Gen:99
0
0 0 0 0 0 0 0 0 0 0 
0.523355,0.464642,0.0120031,0,22.3918,-2.15652e+07
1659.42
ratio: 0.000000 stable count: 21
Time: 44.440000
mutation done
selection done
Gen:100
0
0 0 0 0 0 0 0 0 0 0 
0.523433,0.464564,0.0120031,0,22.3914,-2.15648e+07
2011.59
Time: 45.050000
mutation done
selection done
Gen:101
0
0 0 0 0 0 0 0 0 0 0 
0.523433,0.464564,0.0120031,0,22.3914,-2.15648e+07
1125.66
ratio: 0.000000 stable count: 21
Time: 45.610000
mutation done
selection done
Gen:102
0
0 0 0 0 0 0 0 0 0 0 
0.523671,0.464326,0.0120031,0,22.3902,-2.15637e+07
916.26
Time: 45.630000
mutation done
selection done
Gen:103
0
0 0 0 0 0 0 0 0 0 0 
0.523355,0.464642,0.0120031,0,22.3901,-2.15635e+07
958.249
ratio: 0.000007 stable count: 21
Time: 44.990000
mutation done
selection done
Gen:104
0
0 0 0 0 0 0 0 0 0 0 
0.523832,0.464165,0.0120031,0,22.388,-2.15616e+07
1957.56
Time: 44.590000
mutation done
selection done
Gen:105
0
0 0 0 0 0 0 0 0 0 0 
0.523832,0.464165,0.0120031,0,22.388,-2.15616e+07
1985.19
ratio: 0.000000 stable count: 21
Time: 45.000000
mutation done
selection done
Gen:106
0
0 0 0 0 0 0 0 0 0 0 
0.523832,0.464165,0.0120031,0,22.388,-2.15616e+07
2954.71
ratio: 0.000000 stable count: 22
Time: 45.030000
mutation done
selection done
Gen:107
0
0 0 0 0 0 0 0 0 0 0 
0.52391,0.464087,0.0120031,0,22.3876,-2.15612e+07
1738.66
Time: 44.480000
mutation done
selection done
Gen:108
0
0 0 0 0 0 0 0 0 0 0 
0.52391,0.464087,0.0120031,0,22.3876,-2.15612e+07
2097.64
ratio: 0.000000 stable count: 22
Time: 44.570000
mutation done
selection done
Gen:109
0
0 0 0 0 0 0 0 0 0 0 
0.52391,0.464087,0.0120031,0,22.3876,-2.15612e+07
1587.88
ratio: 0.000000 stable count: 23
Time: 44.770000
mutation done
selection done
Gen:110
0
0 0 0 0 0 0 0 0 0 0 
0.523728,0.464268,0.0120031,0,22.3868,-2.15604e+07
1144.69
Time: 44.910000
mutation done
selection done
Gen:111
0
0 0 0 0 0 0 0 0 0 0 
0.524206,0.463791,0.0120031,0,22.3848,-2.15584e+07
1582
Time: 46.350000
mutation done
selection done
Gen:112
0
0 0 0 0 0 0 0 0 0 0 
0.524206,0.463791,0.0120031,0,22.3848,-2.15584e+07
1995.44
ratio: 0.000000 stable count: 22
Time: 46.960000
mutation done
selection done
Gen:113
0
0 0 0 0 0 0 0 0 0 0 
0.524206,0.463791,0.0120031,0,22.3846,-2.15583e+07
2552.92
ratio: 0.000007 stable count: 23
Time: 46.390000
mutation done
selection done
Gen:114
0
0 0 0 0 0 0 0 0 0 0 
0.524206,0.463791,0.0120031,0,22.3846,-2.15583e+07
2030.65
ratio: 0.000000 stable count: 24
Time: 46.930000
mutation done
selection done
Gen:115
0
0 0 0 0 0 0 0 0 0 0 
0.524206,0.463791,0.0120031,0,22.3846,-2.15583e+07
2058.04
ratio: 0.000000 stable count: 25
Time: 45.930000
mutation done
selection done
Gen:116
0
0 0 0 0 0 0 0 0 0 0 
0.524206,0.463791,0.0120031,0,22.3846,-2.15583e+07
2118.56
ratio: 0.000000 stable count: 26
Time: 45.320000
mutation done
selection done
Gen:117
0
0 0 0 0 0 0 0 0 0 0 
0.524206,0.463791,0.0120031,0,22.3846,-2.15583e+07
2006.89
ratio: 0.000000 stable count: 27
Time: 44.940000
mutation done
selection done
Gen:118
0
0 0 0 0 0 0 0 0 0 0 
0.524206,0.463791,0.0120031,0,22.3846,-2.15583e+07
1707.75
ratio: 0.000000 stable count: 28
Time: 46.380000
mutation done
selection done
Gen:119
0
0 0 0 0 0 0 0 0 0 0 
0.524206,0.463791,0.0120031,0,22.3846,-2.15583e+07
2009.19
ratio: 0.000000 stable count: 29
Time: 45.920000
mutation done
selection done
Gen:120
0
0 0 0 0 0 0 0 0 0 0 
0.524206,0.463791,0.0120031,0,22.3846,-2.15583e+07
925.367
ratio: 0.000000 stable count: 30
Time: 45.740000
mutation done
selection done
Gen:121
0
0 0 0 0 0 0 0 0 0 0 
0.524206,0.463791,0.0120031,0,22.3846,-2.15583e+07
957.206
ratio: 0.000000 stable count: 31
Time: 49.890000
mutation done
selection done
Gen:122
0
0 0 0 0 0 0 0 0 0 0 
0.524206,0.463791,0.0120031,0,22.3846,-2.15583e+07
955.571
ratio: 0.000000 stable count: 32
Time: 46.340000
mutation done
selection done
Gen:123
0
0 0 0 0 0 0 0 0 0 0 
0.524206,0.463791,0.0120031,0,22.3846,-2.15583e+07
743.768
ratio: 0.000000 stable count: 33
Time: 45.050000
mutation done
selection done
Gen:124
0
0 0 0 0 0 0 0 0 0 0 
0.524206,0.463791,0.0120031,0,22.3846,-2.15583e+07
1095.13
ratio: 0.000000 stable count: 34
Time: 44.990000
mutation done
selection done
Gen:125
0
0 0 0 0 0 0 0 0 0 0 
0.524206,0.463791,0.0120031,0,22.3846,-2.15583e+07
1905.65
ratio: 0.000000 stable count: 35
Time: 44.640000
mutation done
selection done
Gen:126
0
0 0 0 0 0 0 0 0 0 0 
0.524206,0.463791,0.0120031,0,22.3846,-2.15583e+07
1151.9
ratio: 0.000000 stable count: 36
Time: 45.850000
mutation done
selection done
Gen:127
0
0 0 0 0 0 0 0 0 0 0 
0.524206,0.463791,0.0120031,0,22.3846,-2.15583e+07
1202.84
ratio: 0.000000 stable count: 37
Time: 45.770000
mutation done
selection done
Gen:128
0
0 0 0 0 0 0 0 0 0 0 
0.524206,0.463791,0.0120031,0,22.3846,-2.15583e+07
564.375
ratio: 0.000000 stable count: 38
Time: 44.910000
mutation done
selection done
Gen:129
0
0 0 0 0 0 0 0 0 0 0 
0.523552,0.464445,0.0120031,0,22.3832,-2.15569e+07
813.188
Time: 44.880000
mutation done
selection done
Gen:130
0
0 0 0 0 0 0 0 0 0 0 
0.523552,0.464445,0.0120031,0,22.3832,-2.15569e+07
2290.11
ratio: 0.000000 stable count: 38
Time: 44.420000
mutation done
selection done
Gen:131
0
0 0 0 0 0 0 0 0 0 0 
0.523552,0.464445,0.0120031,0,22.3832,-2.15569e+07
1235.59
ratio: 0.000000 stable count: 39
Time: 44.430000
mutation done
selection done
Gen:132
0
0 0 0 0 0 0 0 0 0 0 
0.523552,0.464445,0.0120031,0,22.3832,-2.15569e+07
1238.35
ratio: 0.000000 stable count: 40
Time: 44.350000
mutation done
selection done
Gen:133
0
0 0 0 0 0 0 0 0 0 0 
0.523552,0.464445,0.0120031,0,22.3832,-2.15569e+07
951.047
ratio: 0.000000 stable count: 41
Time: 43.830000
mutation done
selection done
Gen:134
0
0 0 0 0 0 0 0 0 0 0 
0.523552,0.464445,0.0120031,0,22.3832,-2.15569e+07
1411.02
ratio: 0.000000 stable count: 42
Time: 43.950000
mutation done
selection done
Gen:135
0
0 0 0 0 0 0 0 0 0 0 
0.523552,0.464445,0.0120031,0,22.3832,-2.15569e+07
1052.18
ratio: 0.000000 stable count: 43
Time: 43.840000
mutation done
selection done
Gen:136
0
0 0 0 0 0 0 0 0 0 0 
0.523552,0.464445,0.0120031,0,22.3832,-2.15569e+07
674.088
ratio: 0.000000 stable count: 44
Time: 43.880000
mutation done
selection done
Gen:137
0
0 0 0 0 0 0 0 0 0 0 
0.523552,0.464445,0.0120031,0,22.3832,-2.15569e+07
1378.15
ratio: 0.000000 stable count: 45
Time: 44.010000
mutation done
selection done
Gen:138
0
0 0 0 0 0 0 0 0 0 0 
0.523552,0.464445,0.0120031,0,22.3832,-2.15569e+07
1566.31
ratio: 0.000000 stable count: 46
Time: 44.020000
mutation done
selection done
Gen:139
0
0 0 0 0 0 0 0 0 0 0 
0.523552,0.464445,0.0120031,0,22.3832,-2.15569e+07
1653.35
ratio: 0.000000 stable count: 47
Time: 44.330000
mutation done
selection done
Gen:140
0
0 0 0 0 0 0 0 0 0 0 
0.523552,0.464445,0.0120031,0,22.3832,-2.15569e+07
1801.53
ratio: 0.000000 stable count: 48
Time: 44.300000
mutation done
selection done
Gen:141
0
0 0 0 0 0 0 0 0 0 0 
0.519144,0.466973,0.0138825,0,22.3768,-2.15507e+07
1685.71
Time: 44.260000
mutation done
selection done
Gen:142
0
0 0 0 0 0 0 0 0 0 0 
0.520219,0.465899,0.0138825,0,22.3727,-2.15468e+07
3472.34
Time: 44.360000
mutation done
selection done
Gen:143
0
0 0 0 0 0 0 0 0 0 0 
0.520219,0.465899,0.0138825,0,22.3727,-2.15468e+07
4895.22
ratio: 0.000000 stable count: 47
Time: 43.730000
mutation done
selection done
Gen:144
0
0 0 0 0 0 0 0 0 0 0 
0.520541,0.465577,0.0138825,0,22.3697,-2.15439e+07
1999.54
Time: 44.270000
mutation done
selection done
Gen:145
0
0 0 0 0 0 0 0 0 0 0 
0.520177,0.46594,0.0138825,0,22.3693,-2.15435e+07
2213.77
Time: 43.720000
mutation done
selection done
Gen:146
0
0 0 0 0 0 0 0 0 0 0 
0.521943,0.464175,0.0138825,0,22.3644,-2.15389e+07
2060.26
Time: 44.730000
mutation done
selection done
Gen:147
0
0 0 0 0 0 0 0 0 0 0 
0.521943,0.464175,0.0138825,0,22.3644,-2.15389e+07
2836.9
ratio: 0.000000 stable count: 45
Time: 44.690000
mutation done
selection done
Gen:148
0
0 0 0 0 0 0 0 0 0 0 
0.521943,0.464175,0.0138825,0,22.3644,-2.15389e+07
4410.34
ratio: 0.000000 stable count: 46
Time: 44.410000
mutation done
selection done
Gen:149
0
0 0 0 0 0 0 0 0 0 0 
0.521943,0.464175,0.0138825,0,22.3644,-2.15389e+07
1344.86
ratio: 0.000000 stable count: 47
Time: 45.170000
mutation done
selection done
Gen:150
0
0 0 0 0 0 0 0 0 0 0 
0.521787,0.464331,0.0138825,0,22.3621,-2.15366e+07
692.355
Time: 45.100000
mutation done
selection done
Gen:151
0
0 0 0 0 0 0 0 0 0 0 
0.521787,0.464331,0.0138825,0,22.3621,-2.15366e+07
1183.94
ratio: 0.000000 stable count: 47
Time: 45.320000
mutation done
selection done
Gen:152
0
0 0 0 0 0 0 0 0 0 0 
0.521787,0.464331,0.0138825,0,22.3621,-2.15366e+07
1971.7
ratio: 0.000000 stable count: 48
Time: 45.030000
mutation done
selection done
Gen:153
0
0 0 0 0 0 0 0 0 0 0 
0.520665,0.466184,0.0131504,0,22.3591,-2.15338e+07
2060.16
Time: 46.520000
mutation done
selection done
Gen:154
0
0 0 0 0 0 0 0 0 0 0 
0.520665,0.466184,0.0131504,0,22.3591,-2.15338e+07
2217.4
ratio: 0.000000 stable count: 48
Time: 45.740000
mutation done
selection done
Gen:155
0
0 0 0 0 0 0 0 0 0 0 
0.520665,0.466184,0.0131504,0,22.3591,-2.15338e+07
1486.89
ratio: 0.000000 stable count: 49
Time: 46.690000
mutation done
selection done
Gen:156
0
0 0 0 0 0 0 0 0 0 0 
0.522685,0.464165,0.0131504,0,22.3529,-2.15277e+07
2125.87
Time: 46.580000
mutation done
selection done
Gen:157
0
0 0 0 0 0 0 0 0 0 0 
0.522685,0.464165,0.0131504,0,22.3529,-2.15277e+07
4433.63
ratio: 0.000000 stable count: 49
Time: 47.180000
mutation done
selection done
Gen:158
0
0 0 0 0 0 0 0 0 0 0 
0.522685,0.464165,0.0131504,0,22.3529,-2.15277e+07
1985.64
ratio: 0.000000 stable count: 50
Time: 47.980000
mutation done
selection done
Gen:159
0
0 0 0 0 0 0 0 0 0 0 
0.522685,0.464165,0.0131504,0,22.3529,-2.15277e+07
1152
ratio: 0.000000 stable count: 51
Time: 48.240000
mutation done
selection done
Gen:160
0
0 0 0 0 0 0 0 0 0 0 
0.522685,0.464165,0.0131504,0,22.3529,-2.15277e+07
1424.34
ratio: 0.000000 stable count: 52
Time: 46.960000
mutation done
selection done
Gen:161
0
0 0 0 0 0 0 0 0 0 0 
0.522685,0.464165,0.0131504,0,22.3529,-2.15277e+07
718.036
ratio: 0.000000 stable count: 53
Time: 48.450000
mutation done
selection done
Gen:162
0
0 0 0 0 0 0 0 0 0 0 
0.522685,0.464165,0.0131504,0,22.3529,-2.15277e+07
2707.75
ratio: 0.000000 stable count: 54
Time: 49.040000
mutation done
selection done
Gen:163
0
0 0 0 0 0 0 0 0 0 0 
0.522685,0.464165,0.0131504,0,22.3529,-2.15277e+07
2049.38
ratio: 0.000000 stable count: 55
Time: 48.240000
mutation done
selection done
Gen:164
0
0 0 0 0 0 0 0 0 0 0 
0.522685,0.464165,0.0131504,0,22.3529,-2.15277e+07
2184.1
ratio: 0.000000 stable count: 56
Time: 49.360000
mutation done
selection done
Gen:165
0
0 0 0 0 0 0 0 0 0 0 
0.521994,0.465831,0.0121744,0,22.3504,-2.15253e+07
1798.61
Time: 46.040000
mutation done
selection done
Gen:166
0
0 0 0 0 0 0 0 0 0 0 
0.521994,0.465831,0.0121744,0,22.3504,-2.15253e+07
1618.1
ratio: 0.000000 stable count: 56
Time: 45.410000
mutation done
selection done
Gen:167
0
0 0 0 0 0 0 0 0 0 0 
0.521994,0.465831,0.0121744,0,22.3504,-2.15253e+07
1202.01
ratio: 0.000000 stable count: 57
Time: 45.330000
mutation done
selection done
Gen:168
0
0 0 0 0 0 0 0 0 0 0 
0.521994,0.465831,0.0121744,0,22.3504,-2.15253e+07
1915.53
ratio: 0.000000 stable count: 58
Time: 46.400000
mutation done
selection done
Gen:169
0
0 0 0 0 0 0 0 0 0 0 
0.521994,0.465831,0.0121744,0,22.3504,-2.15253e+07
2139.02
ratio: 0.000000 stable count: 59
Time: 46.340000
mutation done
selection done
Gen:170
0
0 0 0 0 0 0 0 0 0 0 
0.521994,0.465831,0.0121744,0,22.3504,-2.15253e+07
1349.51
ratio: 0.000000 stable count: 60
Time: 45.740000
mutation done
selection done
Gen:171
0
0 0 0 0 0 0 0 0 0 0 
0.522228,0.465598,0.0121744,0,22.3495,-2.15244e+07
1446.93
Time: 44.900000
mutation done
selection done
Gen:172
0
0 0 0 0 0 0 0 0 0 0 
0.522228,0.465598,0.0121744,0,22.3495,-2.15244e+07
1158.41
ratio: 0.000000 stable count: 60
Time: 44.360000
mutation done
selection done
Gen:173
0
0 0 0 0 0 0 0 0 0 0 
0.522228,0.465598,0.0121744,0,22.3495,-2.15244e+07
986.764
ratio: 0.000000 stable count: 61
Time: 44.450000
mutation done
selection done
Gen:174
0
0 0 0 0 0 0 0 0 0 0 
0.522228,0.465598,0.0121744,0,22.3495,-2.15244e+07
2424.39
ratio: 0.000000 stable count: 62
Time: 44.410000
mutation done
selection done
Gen:175
0
0 0 0 0 0 0 0 0 0 0 
0.522228,0.465598,0.0121744,0,22.3495,-2.15244e+07
2014.26
ratio: 0.000000 stable count: 63
Time: 44.260000
mutation done
selection done
Gen:176
0
0 0 0 0 0 0 0 0 0 0 
0.522228,0.465598,0.0121744,0,22.3495,-2.15244e+07
1482.7
ratio: 0.000000 stable count: 64
Time: 44.230000
mutation done
selection done
Gen:177
0
0 0 0 0 0 0 0 0 0 0 
0.522228,0.465598,0.0121744,0,22.3495,-2.15244e+07
1562.09
ratio: 0.000000 stable count: 65
Time: 44.550000
mutation done
selection done
Gen:178
0
0 0 0 0 0 0 0 0 0 0 
0.522228,0.465598,0.0121744,0,22.3495,-2.15244e+07
1110.51
ratio: 0.000000 stable count: 66
Time: 45.650000
mutation done
selection done
Gen:179
0
0 0 0 0 0 0 0 0 0 0 
0.522451,0.465374,0.0121744,0,22.3489,-2.15239e+07
1800.23
Time: 45.300000
mutation done
selection done
Gen:180
0
0 0 0 0 0 0 0 0 0 0 
0.522451,0.465374,0.0121744,0,22.3489,-2.15239e+07
1659
ratio: 0.000000 stable count: 66
Time: 46.070000
mutation done
selection done
Gen:181
0
0 0 0 0 0 0 0 0 0 0 
0.522451,0.465374,0.0121744,0,22.3489,-2.15239e+07
1470.42
ratio: 0.000000 stable count: 67
Time: 44.210000
mutation done
selection done
Gen:182
0
0 0 0 0 0 0 0 0 0 0 
0.522451,0.465374,0.0121744,0,22.3489,-2.15239e+07
1695.9
ratio: 0.000000 stable count: 68
Time: 45.500000
mutation done
selection done
Gen:183
0
0 0 0 0 0 0 0 0 0 0 
0.522451,0.465374,0.0121744,0,22.3489,-2.15239e+07
826.038
ratio: 0.000000 stable count: 69
Time: 44.930000
mutation done
selection done
Gen:184
0
0 0 0 0 0 0 0 0 0 0 
0.522529,0.465296,0.0121744,0,22.3486,-2.15236e+07
1680.12
Time: 44.630000
mutation done
selection done
Gen:185
0
0 0 0 0 0 0 0 0 0 0 
0.522529,0.465296,0.0121744,0,22.3486,-2.15236e+07
1894.98
ratio: 0.000000 stable count: 69
Time: 45.420000
mutation done
selection done
Gen:186
0
0 0 0 0 0 0 0 0 0 0 
0.522529,0.465296,0.0121744,0,22.3486,-2.15236e+07
1862.31
ratio: 0.000000 stable count: 70
Time: 44.800000
mutation done
selection done
Gen:187
0
0 0 0 0 0 0 0 0 0 0 
0.522529,0.465296,0.0121744,0,22.3486,-2.15236e+07
1190.09
ratio: 0.000000 stable count: 71
Time: 45.030000
mutation done
selection done
Gen:188
0
0 0 0 0 0 0 0 0 0 0 
0.522529,0.465296,0.0121744,0,22.3486,-2.15236e+07
1892.96
ratio: 0.000000 stable count: 72
Time: 44.960000
mutation done
selection done
Gen:189
0
0 0 0 0 0 0 0 0 0 0 
0.522529,0.465296,0.0121744,0,22.3486,-2.15236e+07
1126.64
ratio: 0.000000 stable count: 73
Time: 44.980000
mutation done
selection done
Gen:190
0
0 0 0 0 0 0 0 0 0 0 
0.522529,0.465296,0.0121744,0,22.3486,-2.15236e+07
1656.85
ratio: 0.000000 stable count: 74
Time: 44.760000
mutation done
selection done
Gen:191
0
0 0 0 0 0 0 0 0 0 0 
0.522529,0.465296,0.0121744,0,22.3486,-2.15236e+07
1081.06
ratio: 0.000000 stable count: 75
Time: 46.930000
mutation done
selection done
Gen:192
0
0 0 0 0 0 0 0 0 0 0 
0.522529,0.465296,0.0121744,0,22.3486,-2.15236e+07
1061.73
ratio: 0.000000 stable count: 76
Time: 45.900000
mutation done
selection done
Gen:193
0
0 0 0 0 0 0 0 0 0 0 
0.522529,0.465296,0.0121744,0,22.3486,-2.15236e+07
1316.57
ratio: 0.000000 stable count: 77
Time: 44.620000
mutation done
selection done
Gen:194
0
0 0 0 0 0 0 0 0 0 0 
0.522529,0.465296,0.0121744,0,22.3486,-2.15236e+07
1415.85
ratio: 0.000000 stable count: 78
Time: 45.230000
mutation done
selection done
Gen:195
0
0 0 0 0 0 0 0 0 0 0 
0.522529,0.465296,0.0121744,0,22.3486,-2.15236e+07
1471.51
ratio: 0.000000 stable count: 79
Time: 44.920000
mutation done
selection done
Gen:196
0
0 0 0 0 0 0 0 0 0 0 
0.522529,0.465296,0.0121744,0,22.3486,-2.15236e+07
762.654
ratio: 0.000000 stable count: 80
Time: 45.020000
mutation done
selection done
Gen:197
0
0 0 0 0 0 0 0 0 0 0 
0.522529,0.465296,0.0121744,0,22.3486,-2.15236e+07
730.469
ratio: 0.000000 stable count: 81
Time: 45.360000
mutation done
selection done
Gen:198
0
0 0 0 0 0 0 0 0 0 0 
0.522529,0.465296,0.0121744,0,22.3486,-2.15236e+07
1416.54
ratio: 0.000000 stable count: 82
Time: 44.680000
mutation done
selection done
Gen:199
0
0 0 0 0 0 0 0 0 0 0 
0.522529,0.465296,0.0121744,0,22.3486,-2.15236e+07
1341.24
ratio: 0.000000 stable count: 83
Time: 44.880000
mutation done
selection done
Gen:200
0
0 0 0 0 0 0 0 0 0 0 
0.522529,0.465296,0.0121744,0,22.3486,-2.15236e+07
1248.53
ratio: 0.000000 stable count: 84
Time: 44.530000
FINAL Population size
10
Best : -2.15236e+07   30:14-2-50-13-22-38-69-23-3-19-36-41-51-8-26-1-11-9-59-10-52-64-58-34-25-27-12-4-53-47- ,  30:22-36-41-51-56-8-52-20-43-50-0-69-18-65-39-48-29-23-2-14-60-17-10-16-26-30-63-6-47-40- ,  30:21-62-15-11-68-9-17-50-23-69-48-39-18-19-22-33-20-10-16-1-26-8-51-41-36-38-66-29-3-0- ,  30:43-13-22-45-41-27-25-34-51-8-26-49-42-15-11-9-17-50-23-69-18-32-39-48-3-0-2-14-44-60- ,  30:21-6-47-7-46-40-12-41-58-64-52-8-26-49-62-24-30-15-11-59-17-44-61-43-33-13-50-23-29-69- ,  30:55-52-64-58-34-51-56-28-8-26-16-10-20-33-22-38-66-3-23-50-43-61-17-59-11-68-1-49-15-42- ,  30:31-1-26-8-51-41-12-27-67-18-54-36-45-34-35-6-21-62-49-9-17-43-33-58-57-25-4-7-40-46- ,  30:21-30-62-15-42-24-63-6-35-41-27-67-5-54-19-22-33-20-17-9-1-26-8-51-34-25-4-40-46-53- ,  30:43-17-9-31-11-68-59-10-52-64-58-33-50-0-69-38-36-45-34-35-6-63-24-30-26-16-55-20-13-22- ,  30:21-6-56-28-10-17-44-14-2-23-69-18-37-67-27-41-51-8-26-62-49-1-16-55-52-64-35-57-25-4- ,  30:53-4-12-41-45-22-33-43-61-17-59-1-49-15-30-26-8-51-57-25-27-67-65-32-37-5-18-38-66-69- ,  30:35-51-64-52-20-17-60-61-43-33-50-2-0-69-38-36-41-25-4-7-47-6-56-8-55-16-9-1-26-30- ,  30:12-25-57-35-6-63-30-26-16-10-17-44-61-43-13-22-38-54-36-45-58-64-52-8-51-41-27-67-5-65- ,  26:46-53-4-12-41-36-38-69-0-3-66-54-5-65-39-48-29-19-22-33-58-35-6-47-7-40- ,  30:38-66-48-39-32-54-36-41-57-58-33-50-2-14-61-17-10-28-56-6-47-53-46-7-4-25-34-45-22-13- , 

0.522529
0.465296
0.0121744
0
22.3486
-2.15236e+07
mutation constructed
Initial : -2.23361e+07
0.45834
0.499001
0.0413411
0.00131868
23.1314

-----------------------------------------
Iteration:0 started

mutation done
selection done
Gen:0
0
0 1 2 3 4 5 6 7 8 9 
0.467674,0.494863,0.0371982,0.000264774,23.0597,-2.22202e+07
908598
Time: 33.010000
mutation done
selection done
Gen:1
0
0 1 0 0 0 0 1 0 0 0 
0.468998,0.50319,0.0275469,0.000264774,22.9199,-2.20857e+07
85103.2
Time: 35.540000
mutation done
selection done
Gen:2
0
0 0 0 0 0 0 0 0 0 0 
0.471225,0.503543,0.0252314,0,22.92,-2.20739e+07
38235.5
Time: 35.580000
mutation done
selection done
Gen:3
0
0 0 0 0 0 0 0 0 0 0 
0.474351,0.498071,0.027578,0,22.8781,-2.20335e+07
20816.6
Time: 35.430000
mutation done
selection done
Gen:4
0
0 0 0 0 0 0 0 0 0 0 
0.477232,0.498128,0.0246396,0,22.8376,-2.19945e+07
11538.1
Time: 34.820000
mutation done
selection done
Gen:5
0
0 0 0 0 0 0 0 0 0 0 
0.485097,0.49263,0.0222722,0,22.8178,-2.19755e+07
16394.2
Time: 34.740000
mutation done
selection done
Gen:6
0
0 0 0 0 0 0 0 0 0 0 
0.481816,0.498315,0.0198684,0,22.7906,-2.19493e+07
6403.36
Time: 35.130000
mutation done
selection done
Gen:7
0
0 0 0 0 0 0 0 0 0 0 
0.481816,0.498315,0.0198684,0,22.7724,-2.19317e+07
10552.9
Time: 35.940000
mutation done
selection done
Gen:8
0
0 0 0 0 0 0 0 0 0 0 
0.489962,0.49017,0.0198684,0,22.743,-2.19034e+07
9462.46
Time: 36.670000
mutation done
selection done
Gen:9
0
0 0 0 0 0 0 0 0 0 0 
0.495725,0.486515,0.0177606,0,22.7198,-2.18811e+07
10186.3
Time: 36.750000
mutation done
selection done
Gen:10
0
0 0 0 0 0 0 0 0 0 0 
0.499515,0.485829,0.014656,0,22.6908,-2.18531e+07
11507.7
Time: 38.200000
mutation done
selection done
Gen:11
0
0 0 0 0 0 0 0 0 0 0 
0.501025,0.483732,0.0152427,0,22.6649,-2.18282e+07
12193.6
Time: 38.890000
mutation done
selection done
Gen:12
0
0 0 0 0 0 0 0 0 0 0 
0.501664,0.483519,0.014817,0,22.6619,-2.18254e+07
13927
Time: 38.380000
mutation done
selection done
Gen:13
0
0 0 0 0 0 0 0 0 0 0 
0.505911,0.479329,0.0147599,0,22.5953,-2.17612e+07
3736.77
Time: 38.400000
mutation done
selection done
Gen:14
0
0 0 0 0 0 0 0 0 0 0 
0.508548,0.476692,0.0147599,0,22.5514,-2.17189e+07
24858.9
Time: 40.090000
mutation done
selection done
Gen:15
0
0 0 0 0 0 0 0 0 0 0 
0.510521,0.475431,0.0140486,0,22.5288,-2.16972e+07
11374.1
Time: 39.210000
mutation done
selection done
Gen:16
0
0 0 0 0 0 0 0 0 0 0 
0.51022,0.476671,0.0131089,0,22.5146,-2.16835e+07
15583.2
Time: 40.310000
mutation done
selection done
Gen:17
0
0 0 0 0 0 0 0 0 0 0 
0.513298,0.472456,0.0142459,0,22.4874,-2.16572e+07
4689.17
Time: 40.880000
mutation done
selection done
Gen:18
0
0 0 0 0 0 0 0 0 0 0 
0.509721,0.476349,0.0139292,0,22.4708,-2.16413e+07
10637.9
Time: 44.660000
mutation done
selection done
Gen:19
0
0 0 0 0 0 0 0 0 0 0 
0.514295,0.470057,0.0156476,0,22.4401,-2.16117e+07
7647.51
Time: 40.430000
mutation done
selection done
Gen:20
0
0 0 0 0 0 0 0 0 0 0 
0.515515,0.468837,0.0156476,0,22.4303,-2.16023e+07
13133.9
Time: 39.990000
mutation done
selection done
Gen:21
0
0 0 0 0 0 0 0 0 0 0 
0.512224,0.474075,0.0137008,0,22.42,-2.15924e+07
5523.32
Time: 40.310000
mutation done
selection done
Gen:22
0
0 0 0 0 0 0 0 0 0 0 
0.51835,0.466002,0.0156476,0,22.4152,-2.15878e+07
4152.35
Time: 40.850000
mutation done
selection done
Gen:23
0
0 0 0 0 0 0 0 0 0 0 
0.519092,0.465722,0.0151856,0,22.4097,-2.15825e+07
3884.56
Time: 42.390000
mutation done
selection done
Gen:24
0
0 0 0 0 0 0 0 0 0 0 
0.517888,0.466662,0.0154503,0,22.3956,-2.15689e+07
2745.46
Time: 40.400000
mutation done
selection done
Gen:25
0
0 0 0 0 0 0 0 0 0 0 
0.517888,0.466662,0.0154503,0,22.3882,-2.15617e+07
4794.66
Time: 40.930000
mutation done
selection done
Gen:26
0
0 0 0 0 0 0 0 0 0 0 
0.518142,0.466407,0.0154503,0,22.3871,-2.15607e+07
5224.95
Time: 40.930000
mutation done
selection done
Gen:27
0
0 0 0 0 0 0 0 0 0 0 
0.521429,0.464035,0.0145366,0,22.3779,-2.15518e+07
631.693
Time: 40.870000
mutation done
selection done
Gen:28
0
0 0 0 0 0 0 0 0 0 0 
0.522098,0.463365,0.0145366,0,22.37,-2.15442e+07
4845.31
Time: 40.920000
mutation done
selection done
Gen:29
0
0 0 0 0 0 0 0 0 0 0 
0.521989,0.463069,0.0149416,0,22.3655,-2.15399e+07
3254.3
Time: 40.820000
mutation done
selection done
Gen:30
0
0 0 0 0 0 0 0 0 0 0 
0.524061,0.46147,0.0144691,0,22.3587,-2.15333e+07
3034.71
Time: 40.890000
mutation done
selection done
Gen:31
0
0 0 0 0 0 0 0 0 0 0 
0.526724,0.458807,0.0144691,0,22.3502,-2.15252e+07
3863.31
Time: 40.860000
mutation done
selection done
Gen:32
0
0 0 0 0 0 0 0 0 0 0 
0.528806,0.45727,0.013924,0,22.338,-2.15134e+07
3088.47
Time: 41.040000
mutation done
selection done
Gen:33
0
0 0 0 0 0 0 0 0 0 0 
0.529361,0.456715,0.013924,0,22.3358,-2.15113e+07
3772.79
Time: 41.260000
mutation done
selection done
Gen:34
0
0 0 0 0 0 0 0 0 0 0 
0.530587,0.454944,0.0144691,0,22.3296,-2.15053e+07
4426.77
Time: 42.160000
mutation done
selection done
Gen:35
0
0 0 0 0 0 0 0 0 0 0 
0.530436,0.455557,0.0140071,0,22.3254,-2.15013e+07
2891.83
Time: 41.770000
mutation done
selection done
Gen:36
0
0 0 0 0 0 0 0 0 0 0 
0.530893,0.4551,0.0140071,0,22.3231,-2.1499e+07
2632.68
Time: 42.050000
mutation done
selection done
Gen:37
0
0 0 0 0 0 0 0 0 0 0 
0.531428,0.454565,0.0140071,0,22.3196,-2.14957e+07
955.746
Time: 42.550000
mutation done
selection done
Gen:38
0
0 0 0 0 0 0 0 0 0 0 
0.53324,0.452753,0.0140071,0,22.3117,-2.14881e+07
1601
Time: 42.810000
mutation done
selection done
Gen:39
0
0 0 0 0 0 0 0 0 0 0 
0.533774,0.452219,0.0140071,0,22.3091,-2.14855e+07
3332.59
Time: 42.750000
mutation done
selection done
Gen:40
0
0 0 0 0 0 0 0 0 0 0 
0.53461,0.451383,0.0140071,0,22.3044,-2.14811e+07
947.523
Time: 44.020000
mutation done
selection done
Gen:41
0
0 0 0 0 0 0 0 0 0 0 
0.534937,0.451783,0.0132802,0,22.3,-2.14768e+07
2528.35
Time: 45.610000
mutation done
selection done
Gen:42
0
0 0 0 0 0 0 0 0 0 0 
0.53663,0.45009,0.0132802,0,22.293,-2.14701e+07
2141.19
Time: 43.300000
mutation done
selection done
Gen:43
0
0 0 0 0 0 0 0 0 0 0 
0.537087,0.449633,0.0132802,0,22.2907,-2.14678e+07
2737.59
Time: 43.400000
mutation done
selection done
Gen:44
0
0 0 0 0 0 0 0 0 0 0 
0.537673,0.449047,0.0132802,0,22.2872,-2.14644e+07
3194.49
Time: 44.260000
mutation done
selection done
Gen:45
0
0 0 0 0 0 0 0 0 0 0 
0.537673,0.449047,0.0132802,0,22.2872,-2.14644e+07
2355.81
ratio: 0.000000 stable count: 1
Time: 43.620000
mutation done
selection done
Gen:46
0
0 0 0 0 0 0 0 0 0 0 
0.537673,0.449047,0.0132802,0,22.2872,-2.14644e+07
2648.54
ratio: 0.000000 stable count: 2
Time: 43.490000
mutation done
selection done
Gen:47
0
0 0 0 0 0 0 0 0 0 0 
0.535924,0.450796,0.0132802,0,22.2863,-2.14636e+07
1067.53
Time: 43.470000
mutation done
selection done
Gen:48
0
0 0 0 0 0 0 0 0 0 0 
0.537294,0.449426,0.0132802,0,22.2858,-2.14632e+07
2330.24
Time: 43.700000
mutation done
selection done
Gen:49
0
0 0 0 0 0 0 0 0 0 0 
0.537647,0.449073,0.0132802,0,22.2851,-2.14625e+07
2129.66
Time: 43.590000
mutation done
selection done
Gen:50
0
0 0 0 0 0 0 0 0 0 0 
0.538244,0.449265,0.0124911,0,22.2796,-2.14571e+07
1589.92
Time: 43.820000
mutation done
selection done
Gen:51
0
0 0 0 0 0 0 0 0 0 0 
0.538244,0.449265,0.0124911,0,22.2796,-2.14571e+07
2434.06
ratio: 0.000000 stable count: 1
Time: 43.730000
mutation done
selection done
Gen:52
0
0 0 0 0 0 0 0 0 0 0 
0.538597,0.448912,0.0124911,0,22.2788,-2.14564e+07
2761.7
Time: 43.710000
mutation done
selection done
Gen:53
0
0 0 0 0 0 0 0 0 0 0 
0.538597,0.448912,0.0124911,0,22.2788,-2.14564e+07
3686.03
ratio: 0.000000 stable count: 1
Time: 43.720000
mutation done
selection done
Gen:54
0
0 0 0 0 0 0 0 0 0 0 
0.538597,0.448912,0.0124911,0,22.2788,-2.14564e+07
3111.38
ratio: 0.000000 stable count: 2
Time: 43.980000
mutation done
selection done
Gen:55
0
0 0 0 0 0 0 0 0 0 0 
0.535467,0.452042,0.0124911,0,22.2762,-2.14539e+07
2025.07
Time: 44.670000
mutation done
selection done
Gen:56
0
0 0 0 0 0 0 0 0 0 0 
0.535467,0.452042,0.0124911,0,22.2743,-2.14521e+07
1201.36
Time: 44.020000
mutation done
selection done
Gen:57
0
0 0 0 0 0 0 0 0 0 0 
0.535332,0.451995,0.0126728,0,22.2621,-2.14403e+07
2058.69
Time: 44.100000
mutation done
selection done
Gen:58
0
0 0 0 0 0 0 0 0 0 0 
0.535586,0.451741,0.0126728,0,22.2611,-2.14393e+07
6442.88
Time: 44.730000
mutation done
selection done
Gen:59
0
0 0 0 0 0 0 0 0 0 0 
0.535586,0.451741,0.0126728,0,22.2611,-2.14393e+07
6031.65
ratio: 0.000000 stable count: 1
Time: 43.950000
mutation done
selection done
Gen:60
0
0 0 0 0 0 0 0 0 0 0 
0.535332,0.451995,0.0126728,0,22.2602,-2.14385e+07
3676.89
Time: 43.690000
mutation done
selection done
Gen:61
0
0 0 0 0 0 0 0 0 0 0 
0.536318,0.451009,0.0126728,0,22.2588,-2.14371e+07
2469.62
Time: 43.730000
mutation done
selection done
Gen:62
0
0 0 0 0 0 0 0 0 0 0 
0.536318,0.451009,0.0126728,0,22.2588,-2.14371e+07
2288.49
ratio: 0.000000 stable count: 1
Time: 43.760000
mutation done
selection done
Gen:63
0
0 0 0 0 0 0 0 0 0 0 
0.536318,0.451009,0.0126728,0,22.2588,-2.14371e+07
1262.4
ratio: 0.000000 stable count: 2
Time: 43.970000
mutation done
selection done
Gen:64
0
0 0 0 0 0 0 0 0 0 0 
0.536573,0.450755,0.0126728,0,22.2577,-2.14361e+07
1810.94
Time: 43.910000
mutation done
selection done
Gen:65
0
0 0 0 0 0 0 0 0 0 0 
0.536837,0.451803,0.0113593,0,22.2481,-2.14268e+07
2393.13
Time: 44.010000
mutation done
selection done
Gen:66
0
0 0 0 0 0 0 0 0 0 0 
0.536837,0.451803,0.0113593,0,22.2481,-2.14268e+07
3951.13
ratio: 0.000000 stable count: 1
Time: 44.080000
mutation done
selection done
Gen:67
0
0 0 0 0 0 0 0 0 0 0 
0.536837,0.451803,0.0113593,0,22.2481,-2.14268e+07
4348.48
ratio: 0.000000 stable count: 2
Time: 43.890000
mutation done
selection done
Gen:68
0
0 0 0 0 0 0 0 0 0 0 
0.536837,0.451803,0.0113593,0,22.2481,-2.14268e+07
4152.39
ratio: 0.000000 stable count: 3
Time: 44.060000
mutation done
selection done
Gen:69
0
0 0 0 0 0 0 0 0 0 0 
0.536214,0.453459,0.0103262,0,22.2479,-2.14266e+07
2474.24
ratio: 0.000008 stable count: 4
Time: 44.190000
mutation done
selection done
Gen:70
0
0 0 0 0 0 0 0 0 0 0 
0.53271,0.458324,0.00896598,0,22.2355,-2.14147e+07
2795.58
Time: 44.050000
mutation done
selection done
Gen:71
0
0 0 0 0 0 0 0 0 0 0 
0.53271,0.458324,0.00896598,0,22.2355,-2.14147e+07
6983.27
ratio: 0.000000 stable count: 4
Time: 44.520000
mutation done
selection done
Gen:72
0
0 0 0 0 0 0 0 0 0 0 
0.53284,0.458194,0.00896598,0,22.2348,-2.1414e+07
6111.64
Time: 44.080000
mutation done
selection done
Gen:73
0
0 0 0 0 0 0 0 0 0 0 
0.53284,0.458194,0.00896598,0,22.2348,-2.1414e+07
3036.82
ratio: 0.000000 stable count: 4
Time: 44.190000
mutation done
selection done
Gen:74
0
0 0 0 0 0 0 0 0 0 0 
0.53284,0.458194,0.00896598,0,22.2348,-2.1414e+07
2562.92
ratio: 0.000000 stable count: 5
Time: 44.120000
mutation done
selection done
Gen:75
0
0 0 0 0 0 0 0 0 0 0 
0.53284,0.458194,0.00896598,0,22.2348,-2.1414e+07
1842.49
ratio: 0.000000 stable count: 6
Time: 44.310000
mutation done
selection done
Gen:76
0
0 0 0 0 0 0 0 0 0 0 
0.531189,0.458703,0.0101081,0,22.2335,-2.14127e+07
1301.85
Time: 44.150000
mutation done
selection done
Gen:77
0
0 0 0 0 0 0 0 0 0 0 
0.531542,0.45835,0.0101081,0,22.2328,-2.14121e+07
1704.04
Time: 44.120000
mutation done
selection done
Gen:78
0
0 0 0 0 0 0 0 0 0 0 
0.531542,0.45835,0.0101081,0,22.2328,-2.14121e+07
2432.31
ratio: 0.000000 stable count: 5
Time: 44.120000
mutation done
selection done
Gen:79
0
0 0 0 0 0 0 0 0 0 0 
0.531542,0.45835,0.0101081,0,22.2328,-2.14121e+07
1718.32
ratio: 0.000000 stable count: 6
Time: 43.860000
mutation done
selection done
Gen:80
0
0 0 0 0 0 0 0 0 0 0 
0.533167,0.457867,0.00896598,0,22.2298,-2.14092e+07
930.414
Time: 44.280000
mutation done
selection done
Gen:81
0
0 0 0 0 0 0 0 0 0 0 
0.533167,0.457867,0.00896598,0,22.2298,-2.14092e+07
1804.83
ratio: 0.000000 stable count: 6
Time: 44.660000
mutation done
selection done
Gen:82
0
0 0 0 0 0 0 0 0 0 0 
0.531646,0.458246,0.0101081,0,22.2278,-2.14073e+07
3355.01
Time: 44.450000
mutation done
selection done
Gen:83
0
0 0 0 0 0 0 0 0 0 0 
0.533593,0.457441,0.00896598,0,22.2276,-2.14071e+07
2972.91
Time: 44.490000
mutation done
selection done
Gen:84
0
0 0 0 0 0 0 0 0 0 0 
0.532071,0.45782,0.0101081,0,22.2256,-2.14051e+07
3260.46
Time: 44.550000
mutation done
selection done
Gen:85
0
0 0 0 0 0 0 0 0 0 0 
0.532071,0.45782,0.0101081,0,22.2256,-2.14051e+07
2480.53
ratio: 0.000000 stable count: 4
Time: 44.640000
mutation done
selection done
Gen:86
0
0 0 0 0 0 0 0 0 0 0 
0.532071,0.45782,0.0101081,0,22.2256,-2.14051e+07
1774
ratio: 0.000000 stable count: 5
Time: 44.640000
mutation done
selection done
Gen:87
0
0 0 0 0 0 0 0 0 0 0 
0.532071,0.45782,0.0101081,0,22.2256,-2.14051e+07
2331.99
ratio: 0.000000 stable count: 6
Time: 44.660000
mutation done
selection done
Gen:88
0
0 0 0 0 0 0 0 0 0 0 
0.532071,0.45782,0.0101081,0,22.2256,-2.14051e+07
2143.67
ratio: 0.000000 stable count: 7
Time: 44.060000
mutation done
selection done
Gen:89
0
0 0 0 0 0 0 0 0 0 0 
0.533608,0.457976,0.00841566,0,22.2241,-2.14037e+07
1657.66
Time: 44.060000
mutation done
selection done
Gen:90
0
0 0 0 0 0 0 0 0 0 0 
0.533608,0.457976,0.00841566,0,22.2241,-2.14037e+07
1573.05
ratio: 0.000000 stable count: 7
Time: 44.560000
mutation done
selection done
Gen:91
0
0 0 0 0 0 0 0 0 0 0 
0.533608,0.457976,0.00841566,0,22.2241,-2.14037e+07
1585.09
ratio: 0.000000 stable count: 8
Time: 44.910000
mutation done
selection done
Gen:92
0
0 0 0 0 0 0 0 0 0 0 
0.533608,0.457976,0.00841566,0,22.2241,-2.14037e+07
1795.29
ratio: 0.000000 stable count: 9
Time: 44.830000
mutation done
selection done
Gen:93
0
0 0 0 0 0 0 0 0 0 0 
0.533608,0.457976,0.00841566,0,22.2241,-2.14037e+07
2078.93
ratio: 0.000000 stable count: 10
Time: 45.010000
mutation done
selection done
Gen:94
0
0 0 0 0 0 0 0 0 0 0 
0.533608,0.457976,0.00841566,0,22.2241,-2.14037e+07
1630.92
ratio: 0.000000 stable count: 11
Time: 44.690000
mutation done
selection done
Gen:95
0
0 0 0 0 0 0 0 0 0 0 
0.533608,0.457976,0.00841566,0,22.2241,-2.14037e+07
2487.3
ratio: 0.000000 stable count: 12
Time: 44.990000
mutation done
selection done
Gen:96
0
0 0 0 0 0 0 0 0 0 0 
0.533608,0.457976,0.00841566,0,22.2241,-2.14037e+07
2933.34
ratio: 0.000000 stable count: 13
Time: 44.830000
mutation done
selection done
Gen:97
0
0 0 0 0 0 0 0 0 0 0 
0.533608,0.457976,0.00841566,0,22.2241,-2.14037e+07
2323.18
ratio: 0.000000 stable count: 14
Time: 44.780000
mutation done
selection done
Gen:98
0
0 0 0 0 0 0 0 0 0 0 
0.533608,0.457976,0.00841566,0,22.2241,-2.14037e+07
675.325
ratio: 0.000000 stable count: 15
Time: 44.890000
mutation done
selection done
Gen:99
0
0 0 0 0 0 0 0 0 0 0 
0.533608,0.457976,0.00841566,0,22.2241,-2.14037e+07
2000.25
ratio: 0.000000 stable count: 16
Time: 44.650000
mutation done
selection done
Gen:100
0
0 0 0 0 0 0 0 0 0 0 
0.533437,0.456455,0.0101081,0,22.2225,-2.14021e+07
1931.23
Time: 44.650000
mutation done
selection done
Gen:101
0
0 0 0 0 0 0 0 0 0 0 
0.533437,0.456455,0.0101081,0,22.2225,-2.14021e+07
2122.56
ratio: 0.000000 stable count: 16
Time: 44.200000
mutation done
selection done
Gen:102
0
0 0 0 0 0 0 0 0 0 0 
0.533437,0.456455,0.0101081,0,22.2225,-2.14021e+07
1876.23
ratio: 0.000000 stable count: 17
Time: 44.530000
mutation done
selection done
Gen:103
0
0 0 0 0 0 0 0 0 0 0 
0.533437,0.456455,0.0101081,0,22.2225,-2.14021e+07
1820.79
ratio: 0.000000 stable count: 18
Time: 44.460000
mutation done
selection done
Gen:104
0
0 0 0 0 0 0 0 0 0 0 
0.533437,0.456455,0.0101081,0,22.2225,-2.14021e+07
1458.3
ratio: 0.000000 stable count: 19
Time: 44.660000
mutation done
selection done
Gen:105
0
0 0 0 0 0 0 0 0 0 0 
0.533437,0.456455,0.0101081,0,22.2225,-2.14021e+07
2568.23
ratio: 0.000000 stable count: 20
Time: 44.680000
mutation done
selection done
Gen:106
0
0 0 0 0 0 0 0 0 0 0 
0.533437,0.456455,0.0101081,0,22.2225,-2.14021e+07
2724.28
ratio: 0.000000 stable count: 21
Time: 44.920000
mutation done
selection done
Gen:107
0
0 0 0 0 0 0 0 0 0 0 
0.533437,0.456455,0.0101081,0,22.2225,-2.14021e+07
2214.55
ratio: 0.000000 stable count: 22
Time: 44.420000
mutation done
selection done
Gen:108
0
0 0 0 0 0 0 0 0 0 0 
0.533437,0.456455,0.0101081,0,22.2225,-2.14021e+07
1562.7
ratio: 0.000000 stable count: 23
Time: 44.560000
mutation done
selection done
Gen:109
0
0 0 0 0 0 0 0 0 0 0 
0.533437,0.456455,0.0101081,0,22.2225,-2.14021e+07
1757.79
ratio: 0.000000 stable count: 24
Time: 44.640000
mutation done
selection done
Gen:110
0
0 0 0 0 0 0 0 0 0 0 
0.533437,0.456455,0.0101081,0,22.2225,-2.14021e+07
747.529
ratio: 0.000000 stable count: 25
Time: 44.760000
mutation done
selection done
Gen:111
0
0 0 0 0 0 0 0 0 0 0 
0.533437,0.456455,0.0101081,0,22.2225,-2.14021e+07
1170.84
ratio: 0.000000 stable count: 26
Time: 44.640000
mutation done
selection done
Gen:112
0
0 0 0 0 0 0 0 0 0 0 
0.533437,0.456455,0.0101081,0,22.2225,-2.14021e+07
1332.24
ratio: 0.000000 stable count: 27
Time: 44.310000
mutation done
selection done
Gen:113
0
0 0 0 0 0 0 0 0 0 0 
0.533437,0.456455,0.0101081,0,22.2225,-2.14021e+07
2621.51
ratio: 0.000000 stable count: 28
Time: 44.370000
mutation done
selection done
Gen:114
0
0 0 0 0 0 0 0 0 0 0 
0.533437,0.456455,0.0101081,0,22.2225,-2.14021e+07
1926.17
ratio: 0.000000 stable count: 29
Time: 44.190000
mutation done
selection done
Gen:115
0
0 0 0 0 0 0 0 0 0 0 
0.533437,0.456455,0.0101081,0,22.2225,-2.14021e+07
1614.2
ratio: 0.000000 stable count: 30
Time: 44.340000
mutation done
selection done
Gen:116
0
0 0 0 0 0 0 0 0 0 0 
0.533437,0.456455,0.0101081,0,22.2225,-2.14021e+07
1173.49
ratio: 0.000000 stable count: 31
Time: 44.060000
mutation done
selection done
Gen:117
0
0 0 0 0 0 0 0 0 0 0 
0.533437,0.456455,0.0101081,0,22.2225,-2.14021e+07
1436.42
ratio: 0.000000 stable count: 32
Time: 44.360000
mutation done
selection done
Gen:118
0
0 0 0 0 0 0 0 0 0 0 
0.533437,0.456455,0.0101081,0,22.2225,-2.14021e+07
613.679
ratio: 0.000000 stable count: 33
Time: 44.650000
mutation done
selection done
Gen:119
0
0 0 0 0 0 0 0 0 0 0 
0.533437,0.456455,0.0101081,0,22.2225,-2.14021e+07
709.076
ratio: 0.000000 stable count: 34
Time: 44.590000
mutation done
selection done
Gen:120
0
0 0 0 0 0 0 0 0 0 0 
0.533437,0.456455,0.0101081,0,22.2225,-2.14021e+07
830.644
ratio: 0.000000 stable count: 35
Time: 44.360000
mutation done
selection done
Gen:121
0
0 0 0 0 0 0 0 0 0 0 
0.533437,0.456455,0.0101081,0,22.2225,-2.14021e+07
667.436
ratio: 0.000000 stable count: 36
Time: 44.630000
mutation done
selection done
Gen:122
0
0 0 0 0 0 0 0 0 0 0 
0.533437,0.456455,0.0101081,0,22.2225,-2.14021e+07
502.251
ratio: 0.000000 stable count: 37
Time: 44.760000
mutation done
selection done
Gen:123
0
0 0 0 0 0 0 0 0 0 0 
0.533437,0.456455,0.0101081,0,22.2225,-2.14021e+07
493.012
ratio: 0.000000 stable count: 38
Time: 45.160000
mutation done
selection done
Gen:124
0
0 0 0 0 0 0 0 0 0 0 
0.533437,0.456455,0.0101081,0,22.2225,-2.14021e+07
763.781
ratio: 0.000000 stable count: 39
Time: 44.820000
mutation done
selection done
Gen:125
0
0 0 0 0 0 0 0 0 0 0 
0.533437,0.456455,0.0101081,0,22.2225,-2.14021e+07
1888.8
ratio: 0.000000 stable count: 40
Time: 44.850000
mutation done
selection done
Gen:126
0
0 0 0 0 0 0 0 0 0 0 
0.533437,0.456455,0.0101081,0,22.2225,-2.14021e+07
778.63
ratio: 0.000000 stable count: 41
Time: 44.570000
mutation done
selection done
Gen:127
0
0 0 0 0 0 0 0 0 0 0 
0.533437,0.456455,0.0101081,0,22.2225,-2.14021e+07
2061.86
ratio: 0.000000 stable count: 42
Time: 45.190000
mutation done
selection done
Gen:128
0
0 0 0 0 0 0 0 0 0 0 
0.532279,0.458537,0.00918403,0,22.2202,-2.14e+07
1557.71
Time: 44.880000
mutation done
selection done
Gen:129
0
0 0 0 0 0 0 0 0 0 0 
0.532279,0.458537,0.00918403,0,22.2202,-2.14e+07
1571.06
ratio: 0.000000 stable count: 42
Time: 45.040000
mutation done
selection done
Gen:130
0
0 0 0 0 0 0 0 0 0 0 
0.532279,0.458537,0.00918403,0,22.2202,-2.14e+07
2316.88
ratio: 0.000000 stable count: 43
Time: 44.560000
mutation done
selection done
Gen:131
0
0 0 0 0 0 0 0 0 0 0 
0.532279,0.458537,0.00918403,0,22.2202,-2.14e+07
2268.09
ratio: 0.000000 stable count: 44
Time: 44.210000
mutation done
selection done
Gen:132
0
0 0 0 0 0 0 0 0 0 0 
0.532279,0.458537,0.00918403,0,22.2202,-2.14e+07
2754.13
ratio: 0.000000 stable count: 45
Time: 44.450000
mutation done
selection done
Gen:133
0
0 0 0 0 0 0 0 0 0 0 
0.532279,0.458537,0.00918403,0,22.2202,-2.14e+07
1522
ratio: 0.000000 stable count: 46
Time: 44.530000
mutation done
selection done
Gen:134
0
0 0 0 0 0 0 0 0 0 0 
0.532279,0.458537,0.00918403,0,22.2202,-2.14e+07
2136.86
ratio: 0.000000 stable count: 47
Time: 44.470000
mutation done
selection done
Gen:135
0
0 0 0 0 0 0 0 0 0 0 
0.532279,0.458537,0.00918403,0,22.2202,-2.14e+07
3468.74
ratio: 0.000000 stable count: 48
Time: 45.040000
mutation done
selection done
Gen:136
0
0 0 0 0 0 0 0 0 0 0 
0.532279,0.458537,0.00918403,0,22.2202,-2.14e+07
2075.11
ratio: 0.000000 stable count: 49
Time: 46.710000
mutation done
selection done
Gen:137
0
0 0 0 0 0 0 0 0 0 0 
0.532279,0.458537,0.00918403,0,22.2202,-2.14e+07
2117.19
ratio: 0.000000 stable count: 50
Time: 44.380000
mutation done
selection done
Gen:138
0
0 0 0 0 0 0 0 0 0 0 
0.532279,0.458537,0.00918403,0,22.2202,-2.14e+07
3190.4
ratio: 0.000000 stable count: 51
Time: 44.250000
mutation done
selection done
Gen:139
0
0 0 0 0 0 0 0 0 0 0 
0.532279,0.458537,0.00918403,0,22.2202,-2.14e+07
2362.41
ratio: 0.000000 stable count: 52
Time: 44.530000
mutation done
selection done
Gen:140
0
0 0 0 0 0 0 0 0 0 0 
0.532279,0.458537,0.00918403,0,22.2202,-2.14e+07
1884.55
ratio: 0.000000 stable count: 53
Time: 44.510000
mutation done
selection done
Gen:141
0
0 0 0 0 0 0 0 0 0 0 
0.532279,0.458537,0.00918403,0,22.2202,-2.14e+07
990.388
ratio: 0.000000 stable count: 54
Time: 44.410000
mutation done
selection done
Gen:142
0
0 0 0 0 0 0 0 0 0 0 
0.532279,0.458537,0.00918403,0,22.2202,-2.14e+07
2676.51
ratio: 0.000000 stable count: 55
Time: 44.470000
mutation done
selection done
Gen:143
0
0 0 0 0 0 0 0 0 0 0 
0.532279,0.458537,0.00918403,0,22.2202,-2.14e+07
952.024
ratio: 0.000000 stable count: 56
Time: 44.500000
mutation done
selection done
Gen:144
0
0 0 0 0 0 0 0 0 0 0 
0.532279,0.458537,0.00918403,0,22.2202,-2.14e+07
1681.95
ratio: 0.000000 stable count: 57
Time: 44.500000
mutation done
selection done
Gen:145
0
0 0 0 0 0 0 0 0 0 0 
0.532279,0.458537,0.00918403,0,22.2202,-2.14e+07
1767.73
ratio: 0.000000 stable count: 58
Time: 44.570000
mutation done
selection done
Gen:146
0
0 0 0 0 0 0 0 0 0 0 
0.532279,0.458537,0.00918403,0,22.2202,-2.14e+07
1347.07
ratio: 0.000000 stable count: 59
Time: 44.540000
mutation done
selection done
Gen:147
0
0 0 0 0 0 0 0 0 0 0 
0.532279,0.458537,0.00918403,0,22.2202,-2.14e+07
1906.22
ratio: 0.000000 stable count: 60
Time: 44.370000
mutation done
selection done
Gen:148
0
0 0 0 0 0 0 0 0 0 0 
0.532279,0.458537,0.00918403,0,22.2202,-2.14e+07
2176.54
ratio: 0.000000 stable count: 61
Time: 44.520000
mutation done
selection done
Gen:149
0
0 0 0 0 0 0 0 0 0 0 
0.532279,0.458537,0.00918403,0,22.2202,-2.14e+07
1753.25
ratio: 0.000000 stable count: 62
Time: 44.550000
mutation done
selection done
Gen:150
0
0 0 0 0 0 0 0 0 0 0 
0.532279,0.458537,0.00918403,0,22.2202,-2.14e+07
2182.4
ratio: 0.000000 stable count: 63
Time: 44.500000
mutation done
selection done
Gen:151
0
0 0 0 0 0 0 0 0 0 0 
0.532149,0.458734,0.00911654,0,22.2185,-2.13983e+07
1590.81
Time: 44.660000
mutation done
selection done
Gen:152
0
0 0 0 0 0 0 0 0 0 0 
0.532149,0.458734,0.00911654,0,22.2185,-2.13983e+07
2806.39
ratio: 0.000000 stable count: 63
Time: 44.550000
mutation done
selection done
Gen:153
0
0 0 0 0 0 0 0 0 0 0 
0.532149,0.458734,0.00911654,0,22.2185,-2.13983e+07
2206.73
ratio: 0.000000 stable count: 64
Time: 44.840000
mutation done
selection done
Gen:154
0
0 0 0 0 0 0 0 0 0 0 
0.532149,0.458734,0.00911654,0,22.2185,-2.13983e+07
1418.05
ratio: 0.000000 stable count: 65
Time: 45.090000
mutation done
selection done
Gen:155
0
0 0 0 0 0 0 0 0 0 0 
0.533115,0.457769,0.00911654,0,22.2179,-2.13977e+07
2292.39
Time: 44.870000
mutation done
selection done
Gen:156
0
0 0 0 0 0 0 0 0 0 0 
0.533115,0.457769,0.00911654,0,22.2179,-2.13977e+07
3240.52
ratio: 0.000000 stable count: 65
Time: 44.570000
mutation done
selection done
Gen:157
0
0 0 0 0 0 0 0 0 0 0 
0.533115,0.457769,0.00911654,0,22.2179,-2.13977e+07
1685.76
ratio: 0.000000 stable count: 66
Time: 44.130000
mutation done
selection done
Gen:158
0
0 0 0 0 0 0 0 0 0 0 
0.532824,0.458059,0.00911654,0,22.2178,-2.13976e+07
2094.68
ratio: 0.000005 stable count: 67
Time: 44.220000
mutation done
selection done
Gen:159
0
0 0 0 0 0 0 0 0 0 0 
0.533245,0.457639,0.00911654,0,22.2173,-2.13971e+07
2323.47
Time: 44.290000
mutation done
selection done
Gen:160
0
0 0 0 0 0 0 0 0 0 0 
0.533245,0.457639,0.00911654,0,22.2173,-2.13971e+07
2614.73
ratio: 0.000000 stable count: 67
Time: 44.440000
mutation done
selection done
Gen:161
0
0 0 0 0 0 0 0 0 0 0 
0.533468,0.457415,0.00911654,0,22.2172,-2.13971e+07
3349.38
ratio: 0.000003 stable count: 68
Time: 44.220000
mutation done
selection done
Gen:162
0
0 0 0 0 0 0 0 0 0 0 
0.533556,0.457327,0.00911654,0,22.217,-2.13969e+07
1287.15
ratio: 0.000008 stable count: 69
Time: 44.680000
mutation done
selection done
Gen:163
0
0 0 0 0 0 0 0 0 0 0 
0.533556,0.457327,0.00911654,0,22.217,-2.13969e+07
1943.67
ratio: 0.000000 stable count: 70
Time: 44.840000
mutation done
selection done
Gen:164
0
0 0 0 0 0 0 0 0 0 0 
0.533556,0.457327,0.00911654,0,22.217,-2.13969e+07
1578.66
ratio: 0.000000 stable count: 71
Time: 44.580000
mutation done
selection done
Gen:165
0
0 0 0 0 0 0 0 0 0 0 
0.533556,0.457327,0.00911654,0,22.217,-2.13969e+07
2408.26
ratio: 0.000000 stable count: 72
Time: 44.600000
mutation done
selection done
Gen:166
0
0 0 0 0 0 0 0 0 0 0 
0.533556,0.457327,0.00911654,0,22.217,-2.13969e+07
2009.67
ratio: 0.000000 stable count: 73
Time: 44.720000
mutation done
selection done
Gen:167
0
0 0 0 0 0 0 0 0 0 0 
0.533556,0.457327,0.00911654,0,22.217,-2.13969e+07
2468.09
ratio: 0.000000 stable count: 74
Time: 44.560000
mutation done
selection done
Gen:168
0
0 0 0 0 0 0 0 0 0 0 
0.533556,0.457327,0.00911654,0,22.217,-2.13969e+07
1938.03
ratio: 0.000000 stable count: 75
Time: 44.720000
mutation done
selection done
Gen:169
0
0 0 0 0 0 0 0 0 0 0 
0.534143,0.456741,0.00911654,0,22.2165,-2.13964e+07
2098.59
Time: 44.670000
mutation done
selection done
Gen:170
0
0 0 0 0 0 0 0 0 0 0 
0.534143,0.456741,0.00911654,0,22.2165,-2.13964e+07
2161.67
ratio: 0.000000 stable count: 75
Time: 44.990000
mutation done
selection done
Gen:171
0
0 0 0 0 0 0 0 0 0 0 
0.534143,0.456741,0.00911654,0,22.2165,-2.13964e+07
2189.91
ratio: 0.000000 stable count: 76
Time: 44.810000
mutation done
selection done
Gen:172
0
0 0 0 0 0 0 0 0 0 0 
0.534143,0.456741,0.00911654,0,22.2165,-2.13964e+07
1401.72
ratio: 0.000000 stable count: 77
Time: 45.160000
mutation done
selection done
Gen:173
0
0 0 0 0 0 0 0 0 0 0 
0.534143,0.456741,0.00911654,0,22.2165,-2.13964e+07
4305.85
ratio: 0.000000 stable count: 78
Time: 45.000000
mutation done
selection done
Gen:174
0
0 0 0 0 0 0 0 0 0 0 
0.533914,0.456969,0.00911654,0,22.2159,-2.13958e+07
1723.08
Time: 45.150000
mutation done
selection done
Gen:175
0
0 0 0 0 0 0 0 0 0 0 
0.533914,0.456969,0.00911654,0,22.2159,-2.13958e+07
2870.85
ratio: 0.000000 stable count: 78
Time: 44.980000
mutation done
selection done
Gen:176
0
0 0 0 0 0 0 0 0 0 0 
0.533914,0.456969,0.00911654,0,22.2159,-2.13958e+07
1414.27
ratio: 0.000000 stable count: 79
Time: 44.820000
mutation done
selection done
Gen:177
0
0 0 0 0 0 0 0 0 0 0 
0.533914,0.456969,0.00911654,0,22.2159,-2.13958e+07
1738.47
ratio: 0.000000 stable count: 80
Time: 44.710000
mutation done
selection done
Gen:178
0
0 0 0 0 0 0 0 0 0 0 
0.533914,0.456969,0.00911654,0,22.2159,-2.13958e+07
1614.52
ratio: 0.000000 stable count: 81
Time: 44.540000
mutation done
selection done
Gen:179
0
0 0 0 0 0 0 0 0 0 0 
0.533914,0.456969,0.00911654,0,22.2159,-2.13958e+07
4104.15
ratio: 0.000000 stable count: 82
Time: 44.350000
mutation done
selection done
Gen:180
0
0 0 0 0 0 0 0 0 0 0 
0.533914,0.456969,0.00911654,0,22.2159,-2.13958e+07
2078.08
ratio: 0.000000 stable count: 83
Time: 44.660000
mutation done
selection done
Gen:181
0
0 0 0 0 0 0 0 0 0 0 
0.533914,0.456969,0.00911654,0,22.2159,-2.13958e+07
3060.19
ratio: 0.000000 stable count: 84
Time: 44.530000
mutation done
selection done
Gen:182
0
0 0 0 0 0 0 0 0 0 0 
0.533914,0.456969,0.00911654,0,22.2159,-2.13958e+07
2321.32
ratio: 0.000000 stable count: 85
Time: 44.570000
mutation done
selection done
Gen:183
0
0 0 0 0 0 0 0 0 0 0 
0.533914,0.456969,0.00911654,0,22.2159,-2.13958e+07
1932.43
ratio: 0.000000 stable count: 86
Time: 44.740000
mutation done
selection done
Gen:184
0
0 0 0 0 0 0 0 0 0 0 
0.533914,0.456969,0.00911654,0,22.2159,-2.13958e+07
1524.63
ratio: 0.000000 stable count: 87
Time: 44.650000
mutation done
selection done
Gen:185
0
0 0 0 0 0 0 0 0 0 0 
0.533914,0.456969,0.00911654,0,22.2159,-2.13958e+07
1592.17
ratio: 0.000000 stable count: 88
Time: 44.800000
mutation done
selection done
Gen:186
0
0 0 0 0 0 0 0 0 0 0 
0.533914,0.456969,0.00911654,0,22.2159,-2.13958e+07
1761.76
ratio: 0.000000 stable count: 89
Time: 45.160000
mutation done
selection done
Gen:187
0
0 0 0 0 0 0 0 0 0 0 
0.533914,0.456969,0.00911654,0,22.2159,-2.13958e+07
2343.4
ratio: 0.000000 stable count: 90
Time: 44.680000
mutation done
selection done
Gen:188
0
0 0 0 0 0 0 0 0 0 0 
0.533914,0.456969,0.00911654,0,22.2159,-2.13958e+07
2500.43
ratio: 0.000000 stable count: 91
Time: 45.190000
mutation done
selection done
Gen:189
0
0 0 0 0 0 0 0 0 0 0 
0.533914,0.456969,0.00911654,0,22.2159,-2.13958e+07
2334.16
ratio: 0.000000 stable count: 92
Time: 44.950000
mutation done
selection done
Gen:190
0
0 0 0 0 0 0 0 0 0 0 
0.533914,0.456969,0.00911654,0,22.2159,-2.13958e+07
1683.94
ratio: 0.000000 stable count: 93
Time: 44.850000
mutation done
selection done
Gen:191
0
0 0 0 0 0 0 0 0 0 0 
0.533914,0.456969,0.00911654,0,22.2159,-2.13958e+07
2108.03
ratio: 0.000000 stable count: 94
Time: 45.000000
mutation done
selection done
Gen:192
0
0 0 0 0 0 0 0 0 0 0 
0.533914,0.456969,0.00911654,0,22.2159,-2.13958e+07
3355.94
ratio: 0.000000 stable count: 95
Time: 44.770000
mutation done
selection done
Gen:193
0
0 0 0 0 0 0 0 0 0 0 
0.533914,0.456969,0.00911654,0,22.2159,-2.13958e+07
2394.58
ratio: 0.000000 stable count: 96
Time: 45.080000
mutation done
selection done
Gen:194
0
0 0 0 0 0 0 0 0 0 0 
0.533914,0.456969,0.00911654,0,22.2159,-2.13958e+07
1787.12
ratio: 0.000000 stable count: 97
Time: 44.850000
mutation done
selection done
Gen:195
0
0 0 0 0 0 0 0 0 0 0 
0.533914,0.456969,0.00911654,0,22.2159,-2.13958e+07
1344.36
ratio: 0.000000 stable count: 98
Time: 45.030000
mutation done
selection done
Gen:196
0
0 0 0 0 0 0 0 0 0 0 
0.533914,0.456969,0.00911654,0,22.2159,-2.13958e+07
2608.68
ratio: 0.000000 stable count: 99
Time: 45.080000
mutation done
selection done
Gen:197
0
0 0 0 0 0 0 0 0 0 0 
0.533914,0.456969,0.00911654,0,22.2159,-2.13958e+07
2141.68
ratio: 0.000000 stable count: 100
Time: 45.040000
mutation done
selection done
Gen:198
0
0 0 0 0 0 0 0 0 0 0 
0.533914,0.456969,0.00911654,0,22.2159,-2.13958e+07
1729.39
ratio: 0.000000 stable count: 101
Time: 45.100000
mutation done
selection done
Gen:199
0
0 0 0 0 0 0 0 0 0 0 
0.533914,0.456969,0.00911654,0,22.2159,-2.13958e+07
1823.37
ratio: 0.000000 stable count: 102
Time: 45.000000
mutation done
selection done
Gen:200
0
0 0 0 0 0 0 0 0 0 0 
0.533914,0.456969,0.00911654,0,22.2159,-2.13958e+07
2885.98
ratio: 0.000000 stable count: 103
Time: 44.970000
FINAL Population size
10
Best : -2.13958e+07   30:46-40-12-41-58-64-52-20-13-50-17-9-49-42-24-30-26-8-51-34-45-36-19-69-0-2-23-29-66-54- ,  30:22-36-41-51-56-8-52-20-43-50-0-69-18-65-39-48-29-23-2-14-60-17-10-16-26-30-63-6-47-7- ,  30:26-49-15-11-68-9-17-50-23-69-48-39-32-37-18-38-22-33-20-52-64-51-57-25-4-40-47-6-21-62- ,  30:33-13-22-45-41-27-25-34-51-8-26-49-42-15-11-9-17-50-23-69-18-32-39-48-3-0-2-14-44-60- ,  30:31-9-17-50-23-29-19-22-33-20-10-16-1-26-8-51-41-36-54-18-39-65-67-27-25-34-35-6-63-24- ,  30:55-52-64-58-34-51-56-28-8-26-16-10-20-33-22-38-66-3-23-50-43-61-17-59-1-11-31-9-49-42- ,  30:11-31-1-26-8-51-41-12-27-67-18-54-36-45-34-35-6-21-62-49-9-17-43-33-58-57-25-4-7-46- ,  30:11-49-62-30-15-42-24-63-6-35-41-27-67-5-54-19-22-33-20-17-9-1-26-8-51-34-25-4-53-47- ,  30:24-30-26-1-68-59-10-52-64-58-45-36-54-5-37-18-38-22-33-43-61-60-17-55-8-56-6-47-53-40- ,  30:44-14-2-0-69-18-37-67-27-41-51-8-26-62-49-1-16-55-10-28-56-6-21-30-15-11-59-17-43-13- ,  30:57-35-6-63-30-26-1-31-11-9-17-61-43-50-23-69-18-67-27-12-40-46-7-4-25-41-36-19-66-48- ,  30:34-57-41-36-54-65-19-22-33-20-10-16-26-49-42-24-63-6-47-40-46-7-4-25-27-67-37-5-18-66- ,  30:52-64-51-35-6-21-63-30-26-16-10-17-44-61-43-33-58-41-12-40-4-25-34-45-36-38-3-29-69-66- ,  26:46-53-4-12-41-36-38-69-0-3-66-54-5-65-39-48-29-19-22-33-58-35-6-47-7-40- ,  30:65-32-54-36-41-57-58-33-50-2-14-61-17-10-28-56-6-47-53-46-7-4-25-34-45-22-13-20-55-8- , 

0.533914
0.456969
0.00911654
0
22.2159
-2.13958e+07
mutation constructed
Initial : -2.23361e+07
0.45834
0.499001
0.0413411
0.00131868
23.1314

-----------------------------------------
Iteration:0 started

mutation done
selection done
Gen:0
0
0 1 2 3 4 5 6 7 8 9 
0.456055,0.5151,0.02858,0.000264774,23.0526,-2.22134e+07
908598
Time: 33.540000
mutation done
selection done
Gen:1
0
0 0 0 1 0 1 0 0 0 0 
0.467544,0.504509,0.0276819,0.000264774,22.9751,-2.21388e+07
59234.1
Time: 34.980000
mutation done
selection done
Gen:2
0
0 0 0 0 0 0 0 0 0 0 
0.468469,0.503585,0.0276819,0.000264774,22.9577,-2.2122e+07
22113.7
Time: 34.780000
mutation done
selection done
Gen:3
0
0 0 0 0 0 0 0 0 0 0 
0.48219,0.489396,0.0276092,0.000804706,22.9037,-2.20941e+07
23218.6
Time: 34.640000
mutation done
selection done
Gen:4
0
0 0 0 0 0 0 0 0 0 0 
0.48787,0.489406,0.0227239,0,22.8606,-2.20167e+07
14607.6
Time: 34.590000
mutation done
selection done
Gen:5
0
0 0 0 0 0 0 0 0 0 0 
0.48734,0.489962,0.0226979,0,22.8528,-2.20092e+07
29899
Time: 35.330000
mutation done
selection done
Gen:6
0
0 0 0 0 0 0 0 0 0 0 
0.49316,0.48679,0.0200502,0,22.8189,-2.19766e+07
6226.62
Time: 35.790000
mutation done
selection done
Gen:7
0
0 0 0 0 0 0 0 0 0 0 
0.491021,0.486255,0.0227239,0,22.8039,-2.19621e+07
13169.8
Time: 36.110000
mutation done
selection done
Gen:8
0
0 0 0 0 0 0 0 0 0 0 
0.492298,0.488269,0.0194323,0,22.7854,-2.19443e+07
4890.44
Time: 36.420000
mutation done
selection done
Gen:9
0
0 0 0 0 0 0 0 0 0 0 
0.493337,0.486707,0.0199567,0,22.769,-2.19285e+07
10797.2
Time: 37.170000
mutation done
selection done
Gen:10
0
0 0 0 0 0 0 0 0 0 0 
0.499914,0.481442,0.0186432,0,22.7359,-2.18966e+07
7230.49
Time: 37.240000
mutation done
selection done
Gen:11
0
0 0 0 0 0 0 0 0 0 0 
0.502116,0.480259,0.0176257,0,22.7233,-2.18845e+07
10667.4
Time: 38.110000
mutation done
selection done
Gen:12
0
0 0 0 0 0 0 0 0 0 0 
0.503559,0.478815,0.0176257,0,22.7052,-2.1867e+07
5304.6
Time: 38.580000
mutation done
selection done
Gen:13
0
0 0 0 0 0 0 0 0 0 0 
0.502557,0.478831,0.0186121,0,22.6812,-2.18439e+07
10088.9
Time: 38.980000
mutation done
selection done
Gen:14
0
0 0 0 0 0 0 0 0 0 0 
0.504872,0.475841,0.019287,0,22.6538,-2.18175e+07
7435.93
Time: 39.380000
mutation done
selection done
Gen:15
0
0 0 0 0 0 0 0 0 0 0 
0.504431,0.476282,0.019287,0,22.6445,-2.18086e+07
11034.2
Time: 38.950000
mutation done
selection done
Gen:16
0
0 0 0 0 0 0 0 0 0 0 
0.504561,0.475566,0.0198736,0,22.6151,-2.17803e+07
7727.07
Time: 39.740000
mutation done
selection done
Gen:17
0
0 0 0 0 0 0 0 0 0 0 
0.504561,0.475566,0.0198736,0,22.6151,-2.17803e+07
10578.1
ratio: 0.000000 stable count: 1
Time: 39.630000
mutation done
selection done
Gen:18
0
0 0 0 0 0 0 0 0 0 0 
0.505646,0.47448,0.0198736,0,22.6118,-2.1777e+07
9433.11
Time: 39.790000
mutation done
selection done
Gen:19
0
0 0 0 0 0 0 0 0 0 0 
0.506284,0.473842,0.0198736,0,22.6086,-2.1774e+07
2097.16
Time: 39.750000
mutation done
selection done
Gen:20
0
0 0 0 0 0 0 0 0 0 0 
0.507904,0.472191,0.0199048,0,22.5943,-2.17602e+07
2024.44
Time: 40.140000
mutation done
selection done
Gen:21
0
0 0 0 0 0 0 0 0 0 0 
0.508008,0.472087,0.0199048,0,22.5877,-2.17539e+07
4593.32
Time: 40.430000
mutation done
selection done
Gen:22
0
0 0 0 0 0 0 0 0 0 0 
0.510708,0.470083,0.0192091,0,22.5743,-2.17409e+07
4432.5
Time: 40.670000
mutation done
selection done
Gen:23
0
0 0 0 0 0 0 0 0 0 0 
0.508963,0.471521,0.0195154,0,22.5642,-2.17313e+07
6188.12
Time: 40.820000
mutation done
selection done
Gen:24
0
0 0 0 0 0 0 0 0 0 0 
0.509529,0.470955,0.0195154,0,22.5637,-2.17307e+07
4323.1
Time: 41.020000
mutation done
selection done
Gen:25
0
0 0 0 0 0 0 0 0 0 0 
0.509623,0.470893,0.0194843,0,22.5552,-2.17226e+07
3832.34
Time: 40.650000
mutation done
selection done
Gen:26
0
0 0 0 0 0 0 0 0 0 0 
0.510241,0.470275,0.0194843,0,22.5503,-2.17179e+07
4197.97
Time: 41.000000
mutation done
selection done
Gen:27
0
0 0 0 0 0 0 0 0 0 0 
0.512198,0.468318,0.0194843,0,22.5445,-2.17122e+07
3491.76
Time: 41.350000
mutation done
selection done
Gen:28
0
0 0 0 0 0 0 0 0 0 0 
0.50914,0.471376,0.0194843,0,22.5418,-2.17097e+07
3510.9
Time: 41.540000
mutation done
selection done
Gen:29
0
0 0 0 0 0 0 0 0 0 0 
0.514477,0.466039,0.0194843,0,22.5411,-2.1709e+07
2228.92
Time: 42.190000
mutation done
selection done
Gen:30
0
0 0 0 0 0 0 0 0 0 0 
0.514477,0.466039,0.0194843,0,22.5411,-2.1709e+07
1180.05
ratio: 0.000000 stable count: 1
Time: 42.290000
mutation done
selection done
Gen:31
0
0 0 0 0 0 0 0 0 0 0 
0.509913,0.470602,0.0194843,0,22.5386,-2.17066e+07
670.66
Time: 42.500000
mutation done
selection done
Gen:32
0
0 0 0 0 0 0 0 0 0 0 
0.510817,0.469699,0.0194843,0,22.5342,-2.17023e+07
1893.68
Time: 42.870000
mutation done
selection done
Gen:33
0
0 0 0 0 0 0 0 0 0 0 
0.511445,0.469299,0.0192558,0,22.5315,-2.16997e+07
1567.04
Time: 43.120000
mutation done
selection done
Gen:34
0
0 0 0 0 0 0 0 0 0 0 
0.511705,0.470742,0.017553,0,22.5092,-2.16783e+07
2206.46
Time: 43.170000
mutation done
selection done
Gen:35
0
0 0 0 0 0 0 0 0 0 0 
0.518085,0.464414,0.0175011,0,22.5056,-2.16748e+07
9987.18
Time: 42.960000
mutation done
selection done
Gen:36
0
0 0 0 0 0 0 0 0 0 0 
0.508865,0.473811,0.0173245,0,22.4734,-2.16438e+07
1480.85
Time: 43.950000
mutation done
selection done
Gen:37
0
0 0 0 0 0 0 0 0 0 0 
0.508387,0.47595,0.0156632,0,22.4625,-2.16333e+07
15573.3
Time: 43.460000
mutation done
selection done
Gen:38
0
0 0 0 0 0 0 0 0 0 0 
0.507681,0.477964,0.0143549,0,22.4535,-2.16246e+07
5027.88
Time: 42.740000
mutation done
selection done
Gen:39
0
0 0 0 0 0 0 0 0 0 0 
0.512182,0.472669,0.0151492,0,22.4311,-2.16031e+07
4911.81
Time: 43.200000
mutation done
selection done
Gen:40
0
0 0 0 0 0 0 0 0 0 0 
0.512343,0.472508,0.0151492,0,22.4289,-2.1601e+07
7280.77
Time: 42.980000
mutation done
selection done
Gen:41
0
0 0 0 0 0 0 0 0 0 0 
0.512421,0.47243,0.0151492,0,22.4283,-2.16004e+07
8436.88
Time: 43.350000
mutation done
selection done
Gen:42
0
0 0 0 0 0 0 0 0 0 0 
0.517047,0.470711,0.0122419,0,22.4234,-2.15956e+07
2977.7
Time: 44.100000
mutation done
selection done
Gen:43
0
0 0 0 0 0 0 0 0 0 0 
0.517047,0.470711,0.0122419,0,22.4234,-2.15956e+07
1454.84
ratio: 0.000000 stable count: 1
Time: 44.300000
mutation done
selection done
Gen:44
0
0 0 0 0 0 0 0 0 0 0 
0.517047,0.470711,0.0122419,0,22.4234,-2.15956e+07
336.4
ratio: 0.000000 stable count: 2
Time: 44.330000
mutation done
selection done
Gen:45
0
0 0 0 0 0 0 0 0 0 0 
0.517047,0.470711,0.0122419,0,22.4234,-2.15956e+07
602.628
ratio: 0.000000 stable count: 3
Time: 43.740000
mutation done
selection done
Gen:46
0
0 0 0 0 0 0 0 0 0 0 
0.517047,0.470711,0.0122419,0,22.4234,-2.15956e+07
1045.83
ratio: 0.000000 stable count: 4
Time: 43.690000
mutation done
selection done
Gen:47
0
0 0 0 0 0 0 0 0 0 0 
0.517047,0.470711,0.0122419,0,22.4234,-2.15956e+07
1039.7
ratio: 0.000000 stable count: 5
Time: 44.090000
mutation done
selection done
Gen:48
0
0 0 0 0 0 0 0 0 0 0 
0.517047,0.470711,0.0122419,0,22.4234,-2.15956e+07
688.953
ratio: 0.000000 stable count: 6
Time: 43.690000
mutation done
selection done
Gen:49
0
0 0 0 0 0 0 0 0 0 0 
0.517047,0.470711,0.0122419,0,22.4234,-2.15956e+07
2217.38
ratio: 0.000000 stable count: 7
Time: 43.760000
mutation done
selection done
Gen:50
0
0 0 0 0 0 0 0 0 0 0 
0.517047,0.470711,0.0122419,0,22.4234,-2.15956e+07
1027.98
ratio: 0.000000 stable count: 8
Time: 43.500000
mutation done
selection done
Gen:51
0
0 0 0 0 0 0 0 0 0 0 
0.517047,0.470711,0.0122419,0,22.4234,-2.15956e+07
833.449
ratio: 0.000000 stable count: 9
Time: 43.610000
mutation done
selection done
Gen:52
0
0 0 0 0 0 0 0 0 0 0 
0.517047,0.470711,0.0122419,0,22.4234,-2.15956e+07
220.531
ratio: 0.000000 stable count: 10
Time: 44.100000
mutation done
selection done
Gen:53
0
0 0 0 0 0 0 0 0 0 0 
0.519227,0.466911,0.0138617,0,22.421,-2.15933e+07
662.374
Time: 44.310000
mutation done
selection done
Gen:54
0
0 0 0 0 0 0 0 0 0 0 
0.516808,0.470312,0.0128805,0,22.4172,-2.15896e+07
2522.29
Time: 44.350000
mutation done
selection done
Gen:55
0
0 0 0 0 0 0 0 0 0 0 
0.512084,0.476765,0.0111517,0,22.4126,-2.15852e+07
2449.96
Time: 43.930000
mutation done
selection done
Gen:56
0
0 0 0 0 0 0 0 0 0 0 
0.512084,0.476765,0.0111517,0,22.4126,-2.15852e+07
1973.37
ratio: 0.000000 stable count: 8
Time: 43.870000
mutation done
selection done
Gen:57
0
0 0 0 0 0 0 0 0 0 0 
0.512296,0.476552,0.0111517,0,22.4104,-2.15831e+07
1599.97
Time: 43.470000
mutation done
selection done
Gen:58
0
0 0 0 0 0 0 0 0 0 0 
0.51306,0.475789,0.0111517,0,22.405,-2.15779e+07
1516.49
Time: 43.790000
mutation done
selection done
Gen:59
0
0 0 0 0 0 0 0 0 0 0 
0.524466,0.463204,0.0123302,0,22.3692,-2.15434e+07
4112.9
Time: 43.620000
mutation done
selection done
Gen:60
0
0 0 0 0 0 0 0 0 0 0 
0.524897,0.462773,0.0123302,0,22.3656,-2.154e+07
14539.3
Time: 44.330000
mutation done
selection done
Gen:61
0
0 0 0 0 0 0 0 0 0 0 
0.525172,0.463884,0.010944,0,22.3558,-2.15305e+07
2902.32
Time: 44.770000
mutation done
selection done
Gen:62
0
0 0 0 0 0 0 0 0 0 0 
0.525172,0.463884,0.010944,0,22.3558,-2.15305e+07
5183.21
ratio: 0.000000 stable count: 4
Time: 44.820000
mutation done
selection done
Gen:63
0
0 0 0 0 0 0 0 0 0 0 
0.524902,0.464544,0.0105546,0,22.3477,-2.15227e+07
2704.86
Time: 45.050000
mutation done
selection done
Gen:64
0
0 0 0 0 0 0 0 0 0 0 
0.524902,0.464544,0.0105546,0,22.3477,-2.15227e+07
4364.81
ratio: 0.000000 stable count: 4
Time: 45.110000
mutation done
selection done
Gen:65
0
0 0 0 0 0 0 0 0 0 0 
0.524902,0.464544,0.0105546,0,22.3477,-2.15227e+07
3181.45
ratio: 0.000000 stable count: 5
Time: 45.050000
mutation done
selection done
Gen:66
0
0 0 0 0 0 0 0 0 0 0 
0.524902,0.464544,0.0105546,0,22.3477,-2.15227e+07
1417.63
ratio: 0.000000 stable count: 6
Time: 45.120000
mutation done
selection done
Gen:67
0
0 0 0 0 0 0 0 0 0 0 
0.525945,0.4635,0.0105546,0,22.3398,-2.15151e+07
1634.39
Time: 43.970000
mutation done
selection done
Gen:68
0
0 0 0 0 0 0 0 0 0 0 
0.525945,0.4635,0.0105546,0,22.3398,-2.15151e+07
4219.71
ratio: 0.000000 stable count: 6
Time: 43.800000
mutation done
selection done
Gen:69
0
0 0 0 0 0 0 0 0 0 0 
0.525629,0.463817,0.0105546,0,22.3263,-2.15021e+07
2567.32
Time: 44.270000
mutation done
selection done
Gen:70
0
0 0 0 0 0 0 0 0 0 0 
0.526059,0.463386,0.0105546,0,22.3228,-2.14987e+07
5595.51
Time: 45.010000
mutation done
selection done
Gen:71
0
0 0 0 0 0 0 0 0 0 0 
0.525665,0.463651,0.0106844,0,22.3196,-2.14956e+07
3566.54
Time: 45.160000
mutation done
selection done
Gen:72
0
0 0 0 0 0 0 0 0 0 0 
0.525665,0.463651,0.0106844,0,22.3196,-2.14956e+07
2354.41
ratio: 0.000000 stable count: 4
Time: 45.110000
mutation done
selection done
Gen:73
0
0 0 0 0 0 0 0 0 0 0 
0.526875,0.462571,0.0105546,0,22.3177,-2.14939e+07
1381.71
Time: 45.210000
mutation done
selection done
Gen:74
0
0 0 0 0 0 0 0 0 0 0 
0.526875,0.462571,0.0105546,0,22.3177,-2.14939e+07
2182.13
ratio: 0.000000 stable count: 4
Time: 45.120000
mutation done
selection done
Gen:75
0
0 0 0 0 0 0 0 0 0 0 
0.52784,0.461605,0.0105546,0,22.3098,-2.14862e+07
2386.76
Time: 45.010000
mutation done
selection done
Gen:76
0
0 0 0 0 0 0 0 0 0 0 
0.529143,0.460302,0.0105546,0,22.3085,-2.1485e+07
3025.14
Time: 45.320000
mutation done
selection done
Gen:77
0
0 0 0 0 0 0 0 0 0 0 
0.529143,0.460302,0.0105546,0,22.3085,-2.1485e+07
2971.23
ratio: 0.000000 stable count: 3
Time: 45.280000
mutation done
selection done
Gen:78
0
0 0 0 0 0 0 0 0 0 0 
0.529143,0.460302,0.0105546,0,22.3085,-2.1485e+07
1980.06
ratio: 0.000000 stable count: 4
Time: 45.070000
mutation done
selection done
Gen:79
0
0 0 0 0 0 0 0 0 0 0 
0.529143,0.460302,0.0105546,0,22.3085,-2.1485e+07
1218.93
ratio: 0.000000 stable count: 5
Time: 45.430000
mutation done
selection done
Gen:80
0
0 0 0 0 0 0 0 0 0 0 
0.529143,0.460302,0.0105546,0,22.3085,-2.1485e+07
1449.67
ratio: 0.000000 stable count: 6
Time: 45.360000
mutation done
selection done
Gen:81
0
0 0 0 0 0 0 0 0 0 0 
0.52973,0.459715,0.0105546,0,22.307,-2.14835e+07
1002.03
Time: 45.580000
mutation done
selection done
Gen:82
0
0 0 0 0 0 0 0 0 0 0 
0.52973,0.459715,0.0105546,0,22.307,-2.14835e+07
941.789
ratio: 0.000000 stable count: 6
Time: 45.710000
mutation done
selection done
Gen:83
0
0 0 0 0 0 0 0 0 0 0 
0.52973,0.459715,0.0105546,0,22.3065,-2.14831e+07
2163.35
Time: 45.620000
mutation done
selection done
Gen:84
0
0 0 0 0 0 0 0 0 0 0 
0.528136,0.459726,0.0121381,0,22.3062,-2.14828e+07
1255.19
Time: 45.680000
mutation done
selection done
Gen:85
0
0 0 0 0 0 0 0 0 0 0 
0.529444,0.458417,0.0121381,0,22.3021,-2.14788e+07
1161.76
Time: 45.320000
mutation done
selection done
Gen:86
0
0 0 0 0 0 0 0 0 0 0 
0.529444,0.458417,0.0121381,0,22.3021,-2.14788e+07
2518.11
ratio: 0.000000 stable count: 4
Time: 45.020000
mutation done
selection done
Gen:87
0
0 0 0 0 0 0 0 0 0 0 
0.529444,0.458417,0.0121381,0,22.3021,-2.14788e+07
1933.03
ratio: 0.000000 stable count: 5
Time: 45.310000
mutation done
selection done
Gen:88
0
0 0 0 0 0 0 0 0 0 0 
0.52877,0.459092,0.0121381,0,22.3013,-2.14781e+07
2251.88
Time: 44.980000
mutation done
selection done
Gen:89
0
0 0 0 0 0 0 0 0 0 0 
0.52877,0.459092,0.0121381,0,22.3009,-2.14777e+07
1569.02
Time: 44.770000
mutation done
selection done
Gen:90
0
0 0 0 0 0 0 0 0 0 0 
0.530073,0.457789,0.0121381,0,22.2996,-2.14764e+07
1645.05
Time: 44.890000
mutation done
selection done
Gen:91
0
0 0 0 0 0 0 0 0 0 0 
0.530073,0.457789,0.0121381,0,22.2996,-2.14764e+07
1518.39
ratio: 0.000000 stable count: 3
Time: 44.790000
mutation done
selection done
Gen:92
0
0 0 0 0 0 0 0 0 0 0 
0.530073,0.457789,0.0121381,0,22.2996,-2.14764e+07
1204.15
ratio: 0.000000 stable count: 4
Time: 45.060000
mutation done
selection done
Gen:93
0
0 0 0 0 0 0 0 0 0 0 
0.530073,0.457789,0.0121381,0,22.2996,-2.14764e+07
829.63
ratio: 0.000000 stable count: 5
Time: 45.200000
mutation done
selection done
Gen:94
0
0 0 0 0 0 0 0 0 0 0 
0.530073,0.457789,0.0121381,0,22.2996,-2.14764e+07
2059.79
ratio: 0.000000 stable count: 6
Time: 45.270000
mutation done
selection done
Gen:95
0
0 0 0 0 0 0 0 0 0 0 
0.530073,0.457789,0.0121381,0,22.2996,-2.14764e+07
650.885
ratio: 0.000000 stable count: 7
Time: 45.140000
mutation done
selection done
Gen:96
0
0 0 0 0 0 0 0 0 0 0 
0.530073,0.457789,0.0121381,0,22.2996,-2.14764e+07
893.102
ratio: 0.000000 stable count: 8
Time: 45.070000
mutation done
selection done
Gen:97
0
0 0 0 0 0 0 0 0 0 0 
0.530073,0.457789,0.0121381,0,22.2996,-2.14764e+07
285.644
ratio: 0.000000 stable count: 9
Time: 45.290000
mutation done
selection done
Gen:98
0
0 0 0 0 0 0 0 0 0 0 
0.530073,0.457789,0.0121381,0,22.2996,-2.14764e+07
3513.93
ratio: 0.000000 stable count: 10
Time: 44.950000
mutation done
selection done
Gen:99
0
0 0 0 0 0 0 0 0 0 0 
0.530073,0.457789,0.0121381,0,22.2996,-2.14764e+07
1113.21
ratio: 0.000000 stable count: 11
Time: 44.950000
mutation done
selection done
Gen:100
0
0 0 0 0 0 0 0 0 0 0 
0.531303,0.456559,0.0121381,0,22.2974,-2.14743e+07
381.065
Time: 45.040000
mutation done
selection done
Gen:101
0
0 0 0 0 0 0 0 0 0 0 
0.531303,0.456559,0.0121381,0,22.2974,-2.14743e+07
1323.11
ratio: 0.000000 stable count: 11
Time: 44.510000
mutation done
selection done
Gen:102
0
0 0 0 0 0 0 0 0 0 0 
0.531729,0.456133,0.0121381,0,22.2963,-2.14733e+07
2099
Time: 44.940000
mutation done
selection done
Gen:103
0
0 0 0 0 0 0 0 0 0 0 
0.531729,0.456133,0.0121381,0,22.2963,-2.14733e+07
923.534
ratio: 0.000000 stable count: 11
Time: 44.810000
mutation done
selection done
Gen:104
0
0 0 0 0 0 0 0 0 0 0 
0.533442,0.45442,0.0121381,0,22.2924,-2.14695e+07
679.913
Time: 45.130000
mutation done
selection done
Gen:105
0
0 0 0 0 0 0 0 0 0 0 
0.533442,0.45442,0.0121381,0,22.2924,-2.14695e+07
1879.45
ratio: 0.000000 stable count: 11
Time: 45.110000
mutation done
selection done
Gen:106
0
0 0 0 0 0 0 0 0 0 0 
0.533442,0.45442,0.0121381,0,22.2924,-2.14695e+07
1441.5
ratio: 0.000000 stable count: 12
Time: 45.070000
mutation done
selection done
Gen:107
0
0 0 0 0 0 0 0 0 0 0 
0.531916,0.455453,0.0126313,0,22.2917,-2.14688e+07
1316.29
Time: 44.640000
mutation done
selection done
Gen:108
0
0 0 0 0 0 0 0 0 0 0 
0.533219,0.45415,0.0126313,0,22.2904,-2.14675e+07
1255.6
Time: 44.840000
mutation done
selection done
Gen:109
0
0 0 0 0 0 0 0 0 0 0 
0.533281,0.454088,0.0126313,0,22.29,-2.14672e+07
1383.09
Time: 44.890000
mutation done
selection done
Gen:110
0
0 0 0 0 0 0 0 0 0 0 
0.534974,0.453574,0.0114528,0,22.2687,-2.14467e+07
1198.12
Time: 44.650000
mutation done
selection done
Gen:111
0
0 0 0 0 0 0 0 0 0 0 
0.534974,0.453574,0.0114528,0,22.2687,-2.14467e+07
6250.07
ratio: 0.000000 stable count: 9
Time: 44.700000
mutation done
selection done
Gen:112
0
0 0 0 0 0 0 0 0 0 0 
0.534974,0.453574,0.0114528,0,22.2687,-2.14467e+07
7545.44
ratio: 0.000000 stable count: 10
Time: 44.770000
mutation done
selection done
Gen:113
0
0 0 0 0 0 0 0 0 0 0 
0.534974,0.453574,0.0114528,0,22.2687,-2.14467e+07
1768.65
ratio: 0.000000 stable count: 11
Time: 44.460000
mutation done
selection done
Gen:114
0
0 0 0 0 0 0 0 0 0 0 
0.534974,0.453574,0.0114528,0,22.2687,-2.14467e+07
681.861
ratio: 0.000000 stable count: 12
Time: 44.880000
mutation done
selection done
Gen:115
0
0 0 0 0 0 0 0 0 0 0 
0.534974,0.453574,0.0114528,0,22.2687,-2.14467e+07
953.107
ratio: 0.000000 stable count: 13
Time: 44.630000
mutation done
selection done
Gen:116
0
0 0 0 0 0 0 0 0 0 0 
0.534974,0.453574,0.0114528,0,22.2687,-2.14467e+07
1044.01
ratio: 0.000000 stable count: 14
Time: 44.830000
mutation done
selection done
Gen:117
0
0 0 0 0 0 0 0 0 0 0 
0.534371,0.454176,0.0114528,0,22.2682,-2.14461e+07
1022.09
Time: 44.940000
mutation done
selection done
Gen:118
0
0 0 0 0 0 0 0 0 0 0 
0.534719,0.453828,0.0114528,0,22.2678,-2.14458e+07
1512.92
Time: 45.120000
mutation done
selection done
Gen:119
0
0 0 0 0 0 0 0 0 0 0 
0.535467,0.45308,0.0114528,0,22.2648,-2.14429e+07
141.039
Time: 45.130000
mutation done
selection done
Gen:120
0
0 0 0 0 0 0 0 0 0 0 
0.535685,0.452862,0.0114528,0,22.2638,-2.14419e+07
2133.49
Time: 45.310000
mutation done
selection done
Gen:121
0
0 0 0 0 0 0 0 0 0 0 
0.535747,0.4528,0.0114528,0,22.2634,-2.14415e+07
1504.52
Time: 44.960000
mutation done
selection done
Gen:122
0
0 0 0 0 0 0 0 0 0 0 
0.535747,0.4528,0.0114528,0,22.2634,-2.14415e+07
957.791
ratio: 0.000000 stable count: 10
Time: 45.430000
mutation done
selection done
Gen:123
0
0 0 0 0 0 0 0 0 0 0 
0.535747,0.4528,0.0114528,0,22.2634,-2.14415e+07
820.243
ratio: 0.000000 stable count: 11
Time: 45.210000
mutation done
selection done
Gen:124
0
0 0 0 0 0 0 0 0 0 0 
0.535747,0.4528,0.0114528,0,22.2634,-2.14415e+07
1013.62
ratio: 0.000000 stable count: 12
Time: 44.920000
mutation done
selection done
Gen:125
0
0 0 0 0 0 0 0 0 0 0 
0.535747,0.4528,0.0114528,0,22.2634,-2.14415e+07
1320.95
ratio: 0.000000 stable count: 13
Time: 45.340000
mutation done
selection done
Gen:126
0
0 0 0 0 0 0 0 0 0 0 
0.535747,0.4528,0.0114528,0,22.2634,-2.14415e+07
929.649
ratio: 0.000000 stable count: 14
Time: 45.070000
mutation done
selection done
Gen:127
0
0 0 0 0 0 0 0 0 0 0 
0.535706,0.452842,0.0114528,0,22.2629,-2.14411e+07
1463.6
Time: 44.840000
mutation done
selection done
Gen:128
0
0 0 0 0 0 0 0 0 0 0 
0.535706,0.452842,0.0114528,0,22.2629,-2.14411e+07
1695.57
ratio: 0.000000 stable count: 14
Time: 45.030000
mutation done
selection done
Gen:129
0
0 0 0 0 0 0 0 0 0 0 
0.535706,0.452842,0.0114528,0,22.2629,-2.14411e+07
1265.49
ratio: 0.000000 stable count: 15
Time: 45.500000
mutation done
selection done
Gen:130
0
0 0 0 0 0 0 0 0 0 0 
0.534974,0.453574,0.0114528,0,22.2626,-2.14408e+07
1266.8
Time: 45.340000
mutation done
selection done
Gen:131
0
0 0 0 0 0 0 0 0 0 0 
0.534974,0.453574,0.0114528,0,22.2626,-2.14408e+07
1390.63
ratio: 0.000000 stable count: 15
Time: 45.300000
mutation done
selection done
Gen:132
0
0 0 0 0 0 0 0 0 0 0 
0.536339,0.452208,0.0114528,0,22.2612,-2.14394e+07
866.252
Time: 45.480000
mutation done
selection done
Gen:133
0
0 0 0 0 0 0 0 0 0 0 
0.536339,0.452208,0.0114528,0,22.2612,-2.14394e+07
1547.62
ratio: 0.000000 stable count: 15
Time: 45.190000
mutation done
selection done
Gen:134
0
0 0 0 0 0 0 0 0 0 0 
0.536339,0.452208,0.0114528,0,22.2612,-2.14394e+07
1400.93
ratio: 0.000000 stable count: 16
Time: 45.330000
mutation done
selection done
Gen:135
0
0 0 0 0 0 0 0 0 0 0 
0.536339,0.452208,0.0114528,0,22.2612,-2.14394e+07
1506.34
ratio: 0.000000 stable count: 17
Time: 45.210000
mutation done
selection done
Gen:136
0
0 0 0 0 0 0 0 0 0 0 
0.536339,0.452208,0.0114528,0,22.2612,-2.14394e+07
1752.34
ratio: 0.000000 stable count: 18
Time: 45.060000
mutation done
selection done
Gen:137
0
0 0 0 0 0 0 0 0 0 0 
0.536339,0.452208,0.0114528,0,22.2612,-2.14394e+07
1048.71
ratio: 0.000000 stable count: 19
Time: 45.270000
mutation done
selection done
Gen:138
0
0 0 0 0 0 0 0 0 0 0 
0.536339,0.452208,0.0114528,0,22.2612,-2.14394e+07
1613.15
ratio: 0.000000 stable count: 20
Time: 45.130000
mutation done
selection done
Gen:139
0
0 0 0 0 0 0 0 0 0 0 
0.536339,0.452208,0.0114528,0,22.2612,-2.14394e+07
1071.71
ratio: 0.000000 stable count: 21
Time: 45.300000
mutation done
selection done
Gen:140
0
0 0 0 0 0 0 0 0 0 0 
0.536339,0.452208,0.0114528,0,22.2612,-2.14394e+07
1240.43
ratio: 0.000000 stable count: 22
Time: 45.290000
mutation done
selection done
Gen:141
0
0 0 0 0 0 0 0 0 0 0 
0.536339,0.452208,0.0114528,0,22.2612,-2.14394e+07
986.77
ratio: 0.000000 stable count: 23
Time: 45.200000
mutation done
selection done
Gen:142
0
0 0 0 0 0 0 0 0 0 0 
0.536339,0.452208,0.0114528,0,22.2612,-2.14394e+07
1617.75
ratio: 0.000000 stable count: 24
Time: 45.130000
mutation done
selection done
Gen:143
0
0 0 0 0 0 0 0 0 0 0 
0.536339,0.452208,0.0114528,0,22.2612,-2.14394e+07
1522.64
ratio: 0.000000 stable count: 25
Time: 44.320000
mutation done
selection done
Gen:144
0
0 0 0 0 0 0 0 0 0 0 
0.536339,0.452208,0.0114528,0,22.2612,-2.14394e+07
571.079
ratio: 0.000000 stable count: 26
Time: 44.870000
mutation done
selection done
Gen:145
0
0 0 0 0 0 0 0 0 0 0 
0.536339,0.452208,0.0114528,0,22.2612,-2.14394e+07
1010.26
ratio: 0.000000 stable count: 27
Time: 45.220000
mutation done
selection done
Gen:146
0
0 0 0 0 0 0 0 0 0 0 
0.536339,0.452208,0.0114528,0,22.2612,-2.14394e+07
1295.13
ratio: 0.000000 stable count: 28
Time: 44.780000
mutation done
selection done
Gen:147
0
0 0 0 0 0 0 0 0 0 0 
0.536339,0.452208,0.0114528,0,22.2612,-2.14394e+07
112.932
ratio: 0.000000 stable count: 29
Time: 44.730000
mutation done
selection done
Gen:148
0
0 0 0 0 0 0 0 0 0 0 
0.536339,0.452208,0.0114528,0,22.2612,-2.14394e+07
1358.09
ratio: 0.000000 stable count: 30
Time: 44.450000
mutation done
selection done
Gen:149
0
0 0 0 0 0 0 0 0 0 0 
0.536339,0.452208,0.0114528,0,22.2612,-2.14394e+07
1254.51
ratio: 0.000000 stable count: 31
Time: 44.570000
mutation done
selection done
Gen:150
0
0 0 0 0 0 0 0 0 0 0 
0.536339,0.452208,0.0114528,0,22.2612,-2.14394e+07
1704.13
ratio: 0.000000 stable count: 32
Time: 44.530000
mutation done
selection done
Gen:151
0
0 0 0 0 0 0 0 0 0 0 
0.536339,0.452208,0.0114528,0,22.2612,-2.14394e+07
1002.3
ratio: 0.000000 stable count: 33
Time: 44.480000
mutation done
selection done
Gen:152
0
0 0 0 0 0 0 0 0 0 0 
0.536339,0.452208,0.0114528,0,22.2612,-2.14394e+07
759.883
ratio: 0.000000 stable count: 34
Time: 44.820000
mutation done
selection done
Gen:153
0
0 0 0 0 0 0 0 0 0 0 
0.536204,0.452343,0.0114528,0,22.2599,-2.14382e+07
1063.98
Time: 44.900000
mutation done
selection done
Gen:154
0
0 0 0 0 0 0 0 0 0 0 
0.536204,0.452343,0.0114528,0,22.2599,-2.14382e+07
1583.57
ratio: 0.000000 stable count: 34
Time: 45.150000
mutation done
selection done
Gen:155
0
0 0 0 0 0 0 0 0 0 0 
0.537035,0.451513,0.0114528,0,22.2597,-2.1438e+07
1077.28
ratio: 0.000008 stable count: 35
Time: 45.130000
mutation done
selection done
Gen:156
0
0 0 0 0 0 0 0 0 0 0 
0.537035,0.451513,0.0114528,0,22.2597,-2.1438e+07
1744.75
ratio: 0.000000 stable count: 36
Time: 45.060000
mutation done
selection done
Gen:157
0
0 0 0 0 0 0 0 0 0 0 
0.537035,0.451513,0.0114528,0,22.2597,-2.1438e+07
1681.15
ratio: 0.000000 stable count: 37
Time: 45.390000
mutation done
selection done
Gen:158
0
0 0 0 0 0 0 0 0 0 0 
0.537035,0.451513,0.0114528,0,22.2597,-2.1438e+07
1142.75
ratio: 0.000000 stable count: 38
Time: 44.800000
mutation done
selection done
Gen:159
0
0 0 0 0 0 0 0 0 0 0 
0.537035,0.451513,0.0114528,0,22.2597,-2.1438e+07
1382.47
ratio: 0.000000 stable count: 39
Time: 45.320000
mutation done
selection done
Gen:160
0
0 0 0 0 0 0 0 0 0 0 
0.537123,0.451424,0.0114528,0,22.2544,-2.14329e+07
1305.3
Time: 45.260000
mutation done
selection done
Gen:161
0
0 0 0 0 0 0 0 0 0 0 
0.537123,0.451424,0.0114528,0,22.2544,-2.14329e+07
2525.1
ratio: 0.000000 stable count: 39
Time: 45.090000
mutation done
selection done
Gen:162
0
0 0 0 0 0 0 0 0 0 0 
0.537123,0.451424,0.0114528,0,22.2544,-2.14329e+07
2605.23
ratio: 0.000000 stable count: 40
Time: 45.200000
mutation done
selection done
Gen:163
0
0 0 0 0 0 0 0 0 0 0 
0.537123,0.451424,0.0114528,0,22.2544,-2.14329e+07
2213.37
ratio: 0.000000 stable count: 41
Time: 44.870000
mutation done
selection done
Gen:164
0
0 0 0 0 0 0 0 0 0 0 
0.536765,0.451783,0.0114528,0,22.2538,-2.14323e+07
2652.73
Time: 44.950000
mutation done
selection done
Gen:165
0
0 0 0 0 0 0 0 0 0 0 
0.536962,0.451585,0.0114528,0,22.2531,-2.14316e+07
1758.75
Time: 44.890000
mutation done
selection done
Gen:166
0
0 0 0 0 0 0 0 0 0 0 
0.536962,0.451585,0.0114528,0,22.2531,-2.14316e+07
2070.78
ratio: 0.000000 stable count: 40
Time: 45.040000
mutation done
selection done
Gen:167
0
0 0 0 0 0 0 0 0 0 0 
0.536962,0.451585,0.0114528,0,22.2531,-2.14316e+07
1259.92
ratio: 0.000000 stable count: 41
Time: 45.110000
mutation done
selection done
Gen:168
0
0 0 0 0 0 0 0 0 0 0 
0.536962,0.451585,0.0114528,0,22.2531,-2.14316e+07
1583.18
ratio: 0.000000 stable count: 42
Time: 44.780000
mutation done
selection done
Gen:169
0
0 0 0 0 0 0 0 0 0 0 
0.536962,0.451585,0.0114528,0,22.2531,-2.14316e+07
1508.68
ratio: 0.000000 stable count: 43
Time: 45.150000
mutation done
selection done
Gen:170
0
0 0 0 0 0 0 0 0 0 0 
0.536962,0.451585,0.0114528,0,22.2531,-2.14316e+07
1630.14
ratio: 0.000000 stable count: 44
Time: 44.960000
mutation done
selection done
Gen:171
0
0 0 0 0 0 0 0 0 0 0 
0.536962,0.451585,0.0114528,0,22.2531,-2.14316e+07
1308.02
ratio: 0.000000 stable count: 45
Time: 45.360000
mutation done
selection done
Gen:172
0
0 0 0 0 0 0 0 0 0 0 
0.537024,0.451523,0.0114528,0,22.2527,-2.14313e+07
1756.04
Time: 44.770000
mutation done
selection done
Gen:173
0
0 0 0 0 0 0 0 0 0 0 
0.537024,0.451523,0.0114528,0,22.2527,-2.14313e+07
2552.9
ratio: 0.000000 stable count: 45
Time: 44.630000
mutation done
selection done
Gen:174
0
0 0 0 0 0 0 0 0 0 0 
0.537024,0.451523,0.0114528,0,22.2527,-2.14313e+07
1474.5
ratio: 0.000000 stable count: 46
Time: 44.500000
mutation done
selection done
Gen:175
0
0 0 0 0 0 0 0 0 0 0 
0.537024,0.451523,0.0114528,0,22.2527,-2.14313e+07
939.29
ratio: 0.000000 stable count: 47
Time: 44.680000
mutation done
selection done
Gen:176
0
0 0 0 0 0 0 0 0 0 0 
0.537024,0.451523,0.0114528,0,22.2527,-2.14313e+07
1285.77
ratio: 0.000000 stable count: 48
Time: 44.850000
mutation done
selection done
Gen:177
0
0 0 0 0 0 0 0 0 0 0 
0.537024,0.451523,0.0114528,0,22.2527,-2.14313e+07
1170.74
ratio: 0.000000 stable count: 49
Time: 44.520000
mutation done
selection done
Gen:178
0
0 0 0 0 0 0 0 0 0 0 
0.537024,0.451523,0.0114528,0,22.2527,-2.14313e+07
1738.3
ratio: 0.000000 stable count: 50
Time: 44.790000
mutation done
selection done
Gen:179
0
0 0 0 0 0 0 0 0 0 0 
0.537024,0.451523,0.0114528,0,22.2527,-2.14313e+07
1217.02
ratio: 0.000000 stable count: 51
Time: 44.810000
mutation done
selection done
Gen:180
0
0 0 0 0 0 0 0 0 0 0 
0.535706,0.452842,0.0114528,0,22.2511,-2.14297e+07
692.308
Time: 44.860000
mutation done
selection done
Gen:181
0
0 0 0 0 0 0 0 0 0 0 
0.535706,0.452842,0.0114528,0,22.2511,-2.14297e+07
1197.27
ratio: 0.000000 stable count: 51
Time: 45.010000
mutation done
selection done
Gen:182
0
0 0 0 0 0 0 0 0 0 0 
0.535706,0.452842,0.0114528,0,22.2511,-2.14297e+07
1242.01
ratio: 0.000000 stable count: 52
Time: 44.950000
mutation done
selection done
Gen:183
0
0 0 0 0 0 0 0 0 0 0 
0.535706,0.452842,0.0114528,0,22.2511,-2.14297e+07
2132.41
ratio: 0.000000 stable count: 53
Time: 44.690000
mutation done
selection done
Gen:184
0
0 0 0 0 0 0 0 0 0 0 
0.535706,0.452842,0.0114528,0,22.2511,-2.14297e+07
1318.42
ratio: 0.000000 stable count: 54
Time: 44.840000
mutation done
selection done
Gen:185
0
0 0 0 0 0 0 0 0 0 0 
0.535706,0.452842,0.0114528,0,22.2511,-2.14297e+07
1635.22
ratio: 0.000000 stable count: 55
Time: 44.630000
mutation done
selection done
Gen:186
0
0 0 0 0 0 0 0 0 0 0 
0.535706,0.452842,0.0114528,0,22.2511,-2.14297e+07
2610.06
ratio: 0.000000 stable count: 56
Time: 45.280000
mutation done
selection done
Gen:187
0
0 0 0 0 0 0 0 0 0 0 
0.535872,0.452676,0.0114528,0,22.238,-2.14171e+07
1747.04
Time: 45.310000
mutation done
selection done
Gen:188
0
0 0 0 0 0 0 0 0 0 0 
0.536375,0.452172,0.0114528,0,22.2375,-2.14166e+07
6076.5
Time: 45.350000
mutation done
selection done
Gen:189
0
0 0 0 0 0 0 0 0 0 0 
0.536635,0.451912,0.0114528,0,22.2342,-2.14134e+07
6357.16
Time: 45.060000
mutation done
selection done
Gen:190
0
0 0 0 0 0 0 0 0 0 0 
0.537138,0.451409,0.0114528,0,22.2337,-2.14129e+07
1918.76
Time: 44.950000
mutation done
selection done
Gen:191
0
0 0 0 0 0 0 0 0 0 0 
0.537491,0.451056,0.0114528,0,22.2333,-2.14126e+07
2314.86
Time: 45.230000
mutation done
selection done
Gen:192
0
0 0 0 0 0 0 0 0 0 0 
0.537491,0.451056,0.0114528,0,22.2333,-2.14126e+07
1219.45
ratio: 0.000000 stable count: 52
Time: 45.060000
mutation done
selection done
Gen:193
0
0 0 0 0 0 0 0 0 0 0 
0.537491,0.451056,0.0114528,0,22.2333,-2.14126e+07
1446.43
ratio: 0.000000 stable count: 53
Time: 45.190000
mutation done
selection done
Gen:194
0
0 0 0 0 0 0 0 0 0 0 
0.537491,0.451056,0.0114528,0,22.2333,-2.14126e+07
1337.36
ratio: 0.000000 stable count: 54
Time: 44.950000
mutation done
selection done
Gen:195
0
0 0 0 0 0 0 0 0 0 0 
0.537491,0.451056,0.0114528,0,22.2333,-2.14126e+07
1696.34
ratio: 0.000000 stable count: 55
Time: 44.900000
mutation done
selection done
Gen:196
0
0 0 0 0 0 0 0 0 0 0 
0.537491,0.451056,0.0114528,0,22.2333,-2.14126e+07
2293.15
ratio: 0.000000 stable count: 56
Time: 45.190000
mutation done
selection done
Gen:197
0
0 0 0 0 0 0 0 0 0 0 
0.537491,0.451056,0.0114528,0,22.2333,-2.14126e+07
1388.81
ratio: 0.000000 stable count: 57
Time: 45.250000
mutation done
selection done
Gen:198
0
0 0 0 0 0 0 0 0 0 0 
0.537491,0.451056,0.0114528,0,22.2333,-2.14126e+07
1410.05
ratio: 0.000000 stable count: 58
Time: 45.280000
mutation done
selection done
Gen:199
0
0 0 0 0 0 0 0 0 0 0 
0.536702,0.454197,0.00910096,0,22.2212,-2.14009e+07
1246.18
Time: 44.790000
mutation done
selection done
Gen:200
0
0 0 0 0 0 0 0 0 0 0 
0.536702,0.454197,0.00910096,0,22.2212,-2.14009e+07
6590.06
ratio: 0.000000 stable count: 58
Time: 44.910000
FINAL Population size
10
Best : -2.14009e+07   30:46-40-12-41-34-57-35-64-58-45-36-19-29-69-18-67-27-25-4-53-47-6-21-30-26-16-10-17-50-2- ,  30:22-36-41-51-56-8-52-20-43-50-0-69-18-65-39-48-29-23-2-14-60-17-10-16-26-30-63-6-47-40- ,  30:63-30-62-49-15-11-68-9-17-50-23-69-48-39-18-19-22-33-20-10-16-1-26-8-51-41-36-38-3-29- ,  30:48-66-19-36-41-51-56-8-26-30-42-49-9-17-60-61-43-13-50-23-29-3-38-22-33-58-35-6-63-24- ,  30:46-40-47-6-56-8-52-64-58-45-36-54-18-39-48-3-23-50-17-10-16-26-30-24-62-15-49-11-68-1- ,  30:55-52-64-58-34-51-56-28-8-26-16-10-20-33-22-38-66-3-23-50-43-61-17-59-1-49-62-24-63-21- ,  30:11-31-1-26-8-51-41-12-27-67-18-54-36-45-34-35-6-21-62-49-9-17-43-33-58-57-25-4-7-46- ,  30:31-11-15-62-42-24-63-6-35-41-27-67-5-54-19-22-33-20-17-9-1-26-8-51-34-25-4-40-46-7- ,  30:31-11-68-59-10-52-64-58-33-50-0-69-38-36-45-34-35-6-63-24-30-26-16-55-20-13-22-19-18-37- ,  30:44-14-2-0-69-18-37-67-27-41-51-8-26-62-49-1-16-55-10-28-56-6-21-30-15-11-59-17-43-13- ,  30:12-4-25-57-35-6-63-30-26-1-31-11-9-17-61-43-13-22-38-18-67-65-19-69-23-3-66-54-5-37- ,  30:57-35-51-64-52-20-17-60-61-43-33-50-2-0-69-38-36-41-25-4-7-47-6-56-8-55-16-9-68-11- ,  30:42-30-26-16-10-17-44-61-43-33-58-41-12-40-4-25-34-45-36-38-3-48-39-65-37-5-32-18-69-66- ,  30:3-29-23-0-50-33-58-34-25-4-53-40-12-27-67-65-54-36-41-51-8-26-49-15-11-31-1-16-10-28- ,  29:48-39-32-54-36-41-57-58-33-50-2-14-61-17-10-28-56-6-47-53-46-7-4-25-34-45-22-13-43- , 

0.536702
0.454197
0.00910096
0
22.2212
-2.14009e+07
All Run Best : -2.13958e+07   30:46-40-12-41-58-64-52-20-13-50-17-9-49-42-24-30-26-8-51-34-45-36-19-69-0-2-23-29-66-54- ,  30:22-36-41-51-56-8-52-20-43-50-0-69-18-65-39-48-29-23-2-14-60-17-10-16-26-30-63-6-47-7- ,  30:26-49-15-11-68-9-17-50-23-69-48-39-32-37-18-38-22-33-20-52-64-51-57-25-4-40-47-6-21-62- ,  30:33-13-22-45-41-27-25-34-51-8-26-49-42-15-11-9-17-50-23-69-18-32-39-48-3-0-2-14-44-60- ,  30:31-9-17-50-23-29-19-22-33-20-10-16-1-26-8-51-41-36-54-18-39-65-67-27-25-34-35-6-63-24- ,  30:55-52-64-58-34-51-56-28-8-26-16-10-20-33-22-38-66-3-23-50-43-61-17-59-1-11-31-9-49-42- ,  30:11-31-1-26-8-51-41-12-27-67-18-54-36-45-34-35-6-21-62-49-9-17-43-33-58-57-25-4-7-46- ,  30:11-49-62-30-15-42-24-63-6-35-41-27-67-5-54-19-22-33-20-17-9-1-26-8-51-34-25-4-53-47- ,  30:24-30-26-1-68-59-10-52-64-58-45-36-54-5-37-18-38-22-33-43-61-60-17-55-8-56-6-47-53-40- ,  30:44-14-2-0-69-18-37-67-27-41-51-8-26-62-49-1-16-55-10-28-56-6-21-30-15-11-59-17-43-13- ,  30:57-35-6-63-30-26-1-31-11-9-17-61-43-50-23-69-18-67-27-12-40-46-7-4-25-41-36-19-66-48- ,  30:34-57-41-36-54-65-19-22-33-20-10-16-26-49-42-24-63-6-47-40-46-7-4-25-27-67-37-5-18-66- ,  30:52-64-51-35-6-21-63-30-26-16-10-17-44-61-43-33-58-41-12-40-4-25-34-45-36-38-3-29-69-66- ,  26:46-53-4-12-41-36-38-69-0-3-66-54-5-65-39-48-29-19-22-33-58-35-6-47-7-40- ,  30:65-32-54-36-41-57-58-33-50-2-14-61-17-10-28-56-6-47-53-46-7-4-25-34-45-22-13-20-55-8- , 

0.533914
0.456969
0.00911654
0
22.2159
-2.13958e+07
