neighborhoodSize:20
run:3
stableCount:20
minFitnessRatio:1e-05
paSm:0.1
routeSetSize:15
popSize:10
elite:2
maxGen:200
pSm:0.5
beta:0.8
pDelete:0.4
maxIter:1
pSwap:1
tFit:160
e:0.7
maxRouteLength:30
minGen:1
prcm:0
minRouteLength:10
minRouteLength:10
 OpATT19.2695
minRputeSize: 10 maxRouteSize: 30
mutation constructed
Initial : -2.23361e+07
0.45834
0.499001
0.0413411
0.00131868
23.1314

-----------------------------------------
Iteration:0 started

Gen:0
0.461278,0.497251,0.0414709,0,23.0584,-2.22072e+07
420249
0 0 2 -22296620.000000
1 1 2 -22300928.027344
2 0 2 -22207195.000000
3 0 2 -22296620.000000
4 0 2 -22296620.000000
5 0 2 -22207195.000000
6 0 1 -22285457.304688
7 0 2 -22207195.000000
8 0 2 -22207195.000000
9 0 2 -22207195.000000
Time: 34.530000
Gen:1
0.4612,0.514145,0.0246551,0,22.9282,-2.20818e+07
44178.7
0 8 1 -22158260.000000
1 5 2 -22081820.000000
2 5 2 -22081820.000000
3 5 2 -22081820.000000
4 5 2 -22081820.000000
5 5 2 -22081820.000000
6 5 2 -22081820.000000
7 5 2 -22081820.000000
8 5 2 -22081820.000000
9 5 2 -22081820.000000
Time: 34.990000
Gen:2
0.467015,0.504987,0.0279986,0,22.876,-2.20315e+07
22932
0 4 2 -22035470.000000
1 8 2 -22031490.000000
2 8 2 -22031490.000000
3 8 2 -22031490.000000
4 8 2 -22031490.000000
5 9 2 -22048845.000000
6 8 2 -22031490.000000
7 8 2 -22031490.000000
8 8 2 -22031490.000000
9 4 2 -22035470.000000
Time: 33.640000
Gen:3
0.48369,0.49234,0.0239698,0,22.7562,-2.19162e+07
5184.51
0 5 2 -21983295.000000
1 5 2 -21983295.000000
2 5 2 -21916175.000000
3 8 2 -21992645.000000
4 5 2 -21916175.000000
5 5 2 -21983295.000000
6 5 2 -21916175.000000
7 5 2 -21916175.000000
8 5 2 -21916175.000000
9 5 2 -21983295.000000
Time: 32.670000
Gen:4
0.48435,0.492002,0.023648,0,22.7419,-2.19024e+07
34596.2
0 2 0 -21902420.000000
1 8 0 -21902805.000000
2 8 0 -21902805.000000
3 2 0 -21902420.000000
4 2 0 -21902420.000000
5 2 0 -21902420.000000
6 8 0 -21902805.000000
7 2 0 -21902420.000000
8 2 0 -21902420.000000
9 2 0 -21902420.000000
Time: 33.760000
Gen:5
0.488358,0.491545,0.0200969,0,22.7014,-2.18634e+07
176.429
0 1 2 -21863420.000000
1 1 2 -21863420.000000
2 9 2 -21869970.000000
3 1 2 -21863420.000000
4 1 2 -21863420.000000
5 3 2 -21882295.000000
6 1 2 -21863420.000000
7 1 2 -21863420.000000
8 1 2 -21863420.000000
9 1 2 -21863420.000000
Time: 34.880000
Gen:6
0.498466,0.479464,0.0220697,0,22.652,-2.18158e+07
5783.81
0 3 2 -21815835.000000
1 4 2 -21819120.000000
2 3 2 -21815835.000000
3 4 2 -21819120.000000
4 3 2 -21815835.000000
5 3 2 -21815835.000000
6 3 2 -21815835.000000
7 3 2 -21815835.000000
8 3 2 -21815835.000000
9 3 2 -21815835.000000
Time: 35.830000
Gen:7
0.498783,0.483,0.0182175,0,22.6265,-2.17912e+07
1314
0 5 0 -21791220.000000
1 4 0 -21791220.000000
2 5 0 -21791220.000000
3 4 0 -21791220.000000
4 5 0 -21791220.000000
5 4 0 -21791220.000000
6 4 0 -21792120.000000
7 5 0 -21791220.000000
8 4 0 -21791220.000000
9 4 0 -21792120.000000
Time: 36.330000
Gen:8
0.499743,0.482865,0.017392,0,22.6019,-2.17675e+07
360
0 6 0 -21767505.000000
1 6 0 -21767505.000000
2 2 0 -21780265.000000
3 0 0 -21775410.000000
4 6 0 -21767505.000000
5 6 0 -21767505.000000
6 9 0 -21772970.000000
7 6 0 -21767505.000000
8 6 0 -21767505.000000
9 0 0 -21775410.000000
Time: 36.770000
Gen:9
0.501726,0.482039,0.0162343,0,22.5435,-2.17113e+07
4492.48
0 8 1 -21711305.000000
1 8 1 -21741550.000000
2 7 1 -21759840.000000
3 8 1 -21741550.000000
4 8 1 -21741550.000000
5 4 1 -21747445.000000
6 8 1 -21741550.000000
7 8 1 -21711305.000000
8 8 1 -21711305.000000
9 8 1 -21711305.000000
Time: 36.870000
Gen:10
0.503424,0.480342,0.0162343,0,22.5333,-2.17014e+07
17582.3
0 7 0 -21701440.000000
1 7 0 -21701440.000000
2 8 1 -21703995.000000
3 7 0 -21701440.000000
4 7 0 -21701440.000000
5 7 0 -21701440.000000
6 7 0 -21701440.000000
7 7 0 -21701440.000000
8 8 1 -21703995.000000
9 0 0 -21704745.000000
Time: 37.710000
Gen:11
0.504083,0.480004,0.0159124,0,22.5168,-2.16856e+07
1299.92
0 4 1 -21687040.000000
1 6 0 -21691065.000000
2 3 0 -21685630.000000
3 3 0 -21685630.000000
4 4 1 -21687040.000000
5 3 0 -21685630.000000
6 3 0 -21685630.000000
7 4 1 -21687040.000000
8 6 1 -21691570.000000
9 4 1 -21687040.000000
Time: 38.250000
Gen:12
0.510256,0.47351,0.0162343,0,22.504,-2.16732e+07
2093.42
0 7 1 -21673235.000000
1 7 1 -21673235.000000
2 7 1 -21673235.000000
3 7 1 -21673235.000000
4 4 1 -21673750.000000
5 4 1 -21673750.000000
6 7 1 -21673235.000000
7 4 1 -21673750.000000
8 7 1 -21673235.000000
9 7 1 -21673235.000000
Time: 38.850000
Gen:13
0.510915,0.473172,0.0159124,0,22.4876,-2.16574e+07
236.003
0 9 0 -21657425.000000
1 9 0 -21657425.000000
2 9 0 -21657425.000000
3 9 0 -21657425.000000
4 9 0 -21657425.000000
5 9 0 -21657425.000000
6 6 0 -21665515.000000
7 9 0 -21657425.000000
8 9 0 -21657425.000000
9 7 1 -21657895.000000
Time: 39.560000
Gen:14
0.513132,0.473022,0.0138461,0,22.4744,-2.16448e+07
2415.4
0 7 0 -21647650.000000
1 8 1 -21644800.000000
2 8 1 -21644800.000000
3 7 0 -21647650.000000
4 7 0 -21647650.000000
5 7 0 -21647050.000000
6 8 1 -21644800.000000
7 8 1 -21644800.000000
8 8 1 -21644800.000000
9 8 1 -21644800.000000
Time: 39.870000
Gen:15
0.51524,0.469185,0.0155749,0,22.4631,-2.16339e+07
1332.89
0 3 1 -21633870.000000
1 8 0 -21634425.000000
2 3 1 -21633870.000000
3 3 1 -21633870.000000
4 8 0 -21634425.000000
5 2 0 -21638050.000000
6 3 1 -21633870.000000
7 2 0 -21638050.000000
8 2 0 -21638050.000000
9 8 0 -21634425.000000
Time: 40.170000
Gen:16
0.517877,0.467259,0.0148637,0,22.4511,-2.16223e+07
1821.07
0 4 0 -21624650.000000
1 0 1 -21622315.000000
2 0 1 -21622315.000000
3 0 1 -21622315.000000
4 3 0 -21626000.000000
5 4 0 -21624650.000000
6 3 0 -21626000.000000
7 4 0 -21624650.000000
8 2 0 -21627120.000000
9 4 0 -21624650.000000
Time: 40.530000
Gen:17
0.522482,0.464357,0.0131608,0,22.4211,-2.15934e+07
1605.17
0 2 0 -21615565.000000
1 3 0 -21615755.000000
2 4 1 -21593395.000000
3 4 1 -21593395.000000
4 4 1 -21593395.000000
5 4 0 -21605010.000000
6 4 0 -21605010.000000
7 2 0 -21615565.000000
8 4 1 -21593395.000000
9 4 1 -21593395.000000
Time: 40.780000
Gen:18
0.524196,0.462643,0.0131608,0,22.4141,-2.15866e+07
9716.29
0 4 0 -21586645.000000
1 4 0 -21586845.000000
2 4 0 -21586645.000000
3 4 0 -21586645.000000
4 4 0 -21586845.000000
5 4 0 -21586645.000000
6 8 0 -21587175.000000
7 4 0 -21586645.000000
8 4 0 -21586645.000000
9 8 0 -21587175.000000
Time: 41.160000
Gen:19
0.518843,0.469559,0.0115981,0,22.4015,-2.15745e+07
207.036
0 9 2 -21575605.000000
1 9 2 -21575605.000000
2 5 2 -21574530.000000
3 5 2 -21574530.000000
4 5 2 -21574530.000000
5 5 2 -21574530.000000
6 9 2 -21575605.000000
7 5 2 -21574530.000000
8 5 2 -21574530.000000
9 9 2 -21575605.000000
Time: 41.780000
Gen:20
0.520401,0.468796,0.0108038,0,22.3756,-2.15496e+07
526.64
0 5 0 -21549625.000000
1 4 0 -21549625.000000
2 4 0 -21549625.000000
3 4 0 -21549625.000000
4 4 0 -21549625.000000
5 5 0 -21559110.000000
6 5 0 -21549625.000000
7 5 0 -21559110.000000
8 5 0 -21559110.000000
9 5 0 -21559110.000000
Time: 41.010000
Gen:21
0.521911,0.467285,0.0108038,0,22.3638,-2.15382e+07
4646.68
0 1 1 -21538245.000000
1 1 1 -21538245.000000
2 1 1 -21538245.000000
3 1 1 -21538245.000000
4 1 1 -21538245.000000
5 1 1 -21538245.000000
6 5 0 -21540020.000000
7 1 1 -21538245.000000
8 1 1 -21538245.000000
9 1 1 -21538245.000000
Time: 41.160000
Gen:22
0.522472,0.466724,0.0108038,0,22.3463,-2.15214e+07
532.5
0 9 0 -21521360.000000
1 2 0 -21521360.000000
2 2 0 -21521360.000000
3 9 0 -21521360.000000
4 2 0 -21521360.000000
5 3 1 -21530415.000000
6 9 0 -21521360.000000
7 9 1 -21531645.000000
8 2 0 -21521360.000000
9 2 0 -21521360.000000
Time: 41.380000
Gen:23
0.532783,0.456564,0.0106533,0,22.3214,-2.14974e+07
3877.77
0 5 2 -21497375.000000
1 7 2 -21512115.000000
2 5 2 -21497375.000000
3 5 2 -21497375.000000
4 5 2 -21497375.000000
5 5 2 -21497375.000000
6 5 2 -21497375.000000
7 5 2 -21497375.000000
8 5 2 -21497375.000000
9 5 2 -21497375.000000
Time: 42.100000
Gen:24
0.533037,0.45631,0.0106533,0,22.3143,-2.14906e+07
4422
0 8 0 -21490560.000000
1 6 0 -21491980.000000
2 8 0 -21490560.000000
3 7 1 -21492710.000000
4 4 0 -21493795.000000
5 6 0 -21491980.000000
6 8 0 -21490560.000000
7 6 0 -21491980.000000
8 6 0 -21491980.000000
9 8 0 -21490560.000000
Time: 42.630000
Gen:25
0.534657,0.45469,0.0106533,0,22.3087,-2.14852e+07
1044.5
0 0 0 -21486980.000000
1 3 0 -21488915.000000
2 5 0 -21485165.000000
3 5 0 -21485165.000000
4 0 0 -21486980.000000
5 6 0 -21487595.000000
6 0 0 -21486980.000000
7 5 0 -21485165.000000
8 5 0 -21485165.000000
9 5 0 -21485165.000000
Time: 42.840000
Gen:26
0.542122,0.44805,0.00982779,0,22.2866,-2.14639e+07
1278.12
0 2 1 -21463920.000000
1 2 1 -21463920.000000
2 8 0 -21483625.000000
3 2 0 -21483625.000000
4 2 1 -21463920.000000
5 2 1 -21463920.000000
6 2 1 -21463920.000000
7 2 1 -21463920.000000
8 2 1 -21463920.000000
9 2 1 -21463920.000000
Time: 42.910000
Gen:27
0.54288,0.447292,0.00982779,0,22.2798,-2.14574e+07
7882
0 0 0 -21457370.000000
1 6 0 -21457370.000000
2 0 0 -21457370.000000
3 0 0 -21457370.000000
4 0 0 -21457370.000000
5 4 0 -21460030.000000
6 6 0 -21457370.000000
7 6 0 -21457370.000000
8 0 0 -21457370.000000
9 9 0 -21460805.000000
Time: 43.740000
Gen:28
0.544365,0.446124,0.0095111,0,22.2758,-2.14535e+07
1231.26
