neighborhoodSize:20
run:3
stableCount:20
minFitnessRatio:1e-05
paSm:0.1
routeSetSize:15
popSize:10
elite:2
maxGen:200
pSm:0.5
beta:0.8
pDelete:0.4
maxIter:1
pSwap:1
tFit:60
e:0.7
maxRouteLength:30
minGen:1
prcm:0
minRouteLength:10
minRouteLength:10
 OpATT19.2695
minRputeSize: 10 maxRouteSize: 30
mutation constructed
Initial : -2.23361e+07
0.45834
0.499001
0.0413411
0.00131868
23.1314

-----------------------------------------
Iteration:0 started

Gen:0
0.461278,0.497251,0.0414709,0,23.0584,-2.22072e+07
420249
0 0 2 -22296620.000000
1 0 0 -22334127.304688
2 0 1 -22319077.304688
3 1 2 -22300928.027344
4 1 2 -22300928.027344
5 0 0 -22354957.304688
6 0 2 -22207195.000000
7 0 2 -22207195.000000
8 0 1 -22319077.304688
9 0 2 -22296620.000000
Time: 34.800000
Gen:1
0.461309,0.514358,0.0243333,0,22.922,-2.20759e+07
46650.4
0 1 2 -22202510.000000
1 7 2 -22101385.000000
2 6 2 -22075865.000000
3 6 2 -22075865.000000
4 7 0 -22186510.000000
5 6 2 -22075865.000000
6 7 2 -22196555.000000
7 6 2 -22075865.000000
8 7 2 -22196555.000000
9 7 2 -22190235.000000
Time: 35.590000
Gen:2
0.473427,0.509322,0.0172519,0,22.8662,-2.20221e+07
57344.2
0 1 2 -22022065.000000
1 7 0 -22064370.000000
2 2 0 -22058965.000000
3 2 0 -22058965.000000
4 7 0 -22064370.000000
5 1 2 -22022065.000000
6 1 2 -22022065.000000
7 3 1 -22058410.000000
8 1 2 -22022065.000000
9 2 0 -22058965.000000
Time: 34.300000
Gen:3
0.475898,0.509296,0.0148066,0,22.8456,-2.20022e+07
19023.2
0 3 1 -22003390.000000
1 6 0 -22010570.000000
2 3 1 -22003390.000000
3 5 0 -22007675.000000
4 3 1 -22003390.000000
5 3 1 -22003390.000000
6 0 1 -22002215.000000
7 6 0 -22010570.000000
8 0 1 -22002215.000000
9 0 1 -22002215.000000
Time: 33.470000
Gen:4
0.478327,0.504904,0.016769,0,22.7979,-2.19563e+07
3205.41
0 3 1 -21956315.000000
1 2 0 -21992450.000000
2 3 1 -21956315.000000
3 6 0 -21994775.000000
4 6 0 -21992775.000000
5 3 1 -21956315.000000
6 6 0 -21994775.000000
7 6 0 -21991960.000000
8 5 0 -21991895.000000
9 5 0 -21991895.000000
Time: 34.100000
Gen:5
0.479127,0.50453,0.0163433,0,22.7647,-2.19243e+07
16810.3
0 5 0 -21941090.000000
1 5 0 -21951250.000000
2 5 0 -21924320.000000
3 5 0 -21951775.000000
4 5 0 -21924320.000000
5 0 0 -21948875.000000
6 5 0 -21924320.000000
7 5 0 -21941090.000000
8 5 0 -21941090.000000
9 0 0 -21954215.000000
Time: 34.570000
Gen:6
0.480456,0.503465,0.0160785,0,22.7532,-2.19132e+07
11343
0 2 0 -21920525.000000
1 6 0 -21915815.000000
2 6 0 -21922220.000000
3 2 0 -21913240.000000
4 6 0 -21915815.000000
5 2 0 -21919330.000000
6 4 0 -21913240.000000
7 4 0 -21913240.000000
8 2 0 -21913240.000000
9 2 0 -21920525.000000
Time: 34.720000
Gen:7
0.483047,0.500875,0.0160785,0,22.7342,-2.1895e+07
3407.31
0 6 1 -21904825.000000
1 7 1 -21897500.000000
2 3 1 -21901620.000000
3 8 0 -21901620.000000
4 3 1 -21901620.000000
5 3 1 -21901620.000000
6 7 1 -21897500.000000
7 3 1 -21894980.000000
8 7 1 -21897500.000000
9 7 0 -21908860.000000
Time: 34.900000
Gen:8
0.487132,0.497744,0.0151233,0,22.7033,-2.18652e+07
3877.93
0 8 2 -21887920.000000
1 8 2 -21887920.000000
2 1 2 -21887920.000000
3 7 1 -21893835.000000
4 1 2 -21887920.000000
5 7 0 -21865160.000000
6 7 0 -21865160.000000
7 1 2 -21887920.000000
8 8 2 -21887920.000000
9 7 0 -21865160.000000
Time: 35.500000
Gen:9
0.486956,0.498424,0.0146197,0,22.6912,-2.18535e+07
10954.9
0 6 0 -21860170.000000
1 2 0 -21857105.000000
2 9 0 -21864240.000000
3 6 0 -21860170.000000
4 2 0 -21857105.000000
5 6 0 -21853540.000000
6 6 1 -21857460.000000
7 9 1 -21863500.000000
8 2 0 -21857105.000000
9 2 0 -21857105.000000
Time: 36.730000
Gen:10
0.488669,0.496711,0.0146197,0,22.6824,-2.18451e+07
3104.31
0 6 0 -21854335.000000
1 9 0 -21853310.000000
2 8 0 -21849745.000000
3 5 0 -21852620.000000
4 5 0 -21852620.000000
5 5 0 -21845115.000000
6 5 0 -21845115.000000
7 5 0 -21852620.000000
8 5 0 -21850380.000000
9 5 0 -21853185.000000
Time: 37.040000
Gen:11
0.491981,0.493679,0.0143393,0,22.6653,-2.18286e+07
3166.08
0 2 0 -21834535.000000
1 6 0 -21828580.000000
2 6 0 -21828580.000000
3 2 0 -21834535.000000
4 2 0 -21834535.000000
5 5 0 -21845115.000000
6 2 0 -21834535.000000
7 6 0 -21828580.000000
8 8 0 -21839625.000000
9 5 1 -21842645.000000
Time: 37.110000
Gen:12
0.492475,0.494162,0.0133633,0,22.6571,-2.18207e+07
5536.28
0 7 2 -21827470.000000
1 7 0 -21820725.000000
2 1 2 -21827470.000000
3 1 0 -21825915.000000
4 7 0 -21823050.000000
5 7 0 -21823050.000000
6 7 0 -21823050.000000
7 1 0 -21825420.000000
8 1 0 -21825420.000000
9 7 0 -21828580.000000
Time: 37.310000
Gen:13
0.498497,0.488223,0.0132802,0,22.6359,-2.18003e+07
2364.09
0 3 1 -21800290.000000
1 3 1 -21800290.000000
2 4 0 -21811565.000000
3 3 1 -21800290.000000
4 3 1 -21800290.000000
5 5 0 -21815195.000000
6 1 0 -21813050.000000
7 3 1 -21800290.000000
8 0 0 -21820030.000000
9 1 0 -21817095.000000
Time: 37.150000
Gen:14
0.499156,0.487563,0.0132802,0,22.6247,-2.17895e+07
7838.24
0 4 1 -21797565.000000
1 7 0 -21798630.000000
2 0 0 -21789535.000000
3 7 0 -21798630.000000
4 4 0 -21795120.000000
5 4 0 -21798460.000000
6 4 0 -21795120.000000
7 4 0 -21796770.000000
8 0 0 -21790975.000000
9 4 0 -21796770.000000
Time: 37.720000
Gen:15
0.499411,0.487309,0.0132802,0,22.617,-2.17821e+07
3025.36
0 2 0 -21789335.000000
1 2 1 -21789410.000000
2 7 0 -21786015.000000
3 2 0 -21787135.000000
4 7 0 -21786015.000000
5 2 0 -21782095.000000
6 2 0 -21787135.000000
7 2 0 -21782095.000000
8 2 0 -21782095.000000
9 4 0 -21789725.000000
Time: 38.370000
Gen:16
0.503367,0.483353,0.0132802,0,22.6083,-2.17737e+07
2912.71
0 5 0 -21779095.000000
1 7 0 -21780435.000000
2 5 0 -21774240.000000
3 1 1 -21773735.000000
4 2 0 -21780155.000000
5 1 1 -21773735.000000
6 1 1 -21773735.000000
7 5 0 -21774240.000000
8 2 0 -21780155.000000
9 5 0 -21774240.000000
Time: 38.600000
Gen:17
0.505246,0.481474,0.0132802,0,22.6022,-2.17679e+07
2950.29
0 6 0 -21772815.000000
1 5 0 -21770840.000000
2 9 1 -21769875.000000
3 5 0 -21770840.000000
4 5 0 -21770840.000000
5 9 1 -21769875.000000
6 5 0 -21770840.000000
7 5 0 -21769940.000000
8 9 1 -21769875.000000
9 3 0 -21767875.000000
Time: 38.780000
Gen:18
0.503045,0.484651,0.0123042,0,22.5908,-2.17568e+07
1183.47
0 2 1 -21756840.000000
1 1 1 -21764905.000000
2 0 0 -21766195.000000
3 9 0 -21765675.000000
4 2 1 -21756840.000000
5 4 0 -21764905.000000
6 0 0 -21761330.000000
7 6 0 -21764905.000000
8 0 0 -21761330.000000
9 7 0 -21764080.000000
Time: 39.250000
Gen:19
0.505599,0.47568,0.0187211,0,22.5811,-2.17475e+07
3316.46
0 7 2 -21747475.000000
1 0 0 -21755070.000000
2 4 1 -21756840.000000
3 8 0 -21754710.000000
4 4 0 -21756840.000000
5 7 2 -21747475.000000
6 7 2 -21747475.000000
7 0 0 -21754640.000000
8 7 2 -21747475.000000
9 0 0 -21755520.000000
Time: 39.940000
Gen:20
0.506201,0.475077,0.0187211,0,22.5747,-2.17413e+07
4045.29
0 6 0 -21746385.000000
1 8 0 -21745910.000000
2 9 0 -21747050.000000
3 6 1 -21746015.000000
4 6 0 -21741320.000000
5 8 0 -21745910.000000
6 8 0 -21745910.000000
7 6 0 -21746385.000000
8 6 0 -21741320.000000
9 6 0 -21741320.000000
Time: 40.650000
Gen:21
0.508953,0.472295,0.0187522,0,22.5458,-2.17135e+07
2270.86
0 6 1 -21737145.000000
1 4 0 -21733880.000000
2 7 1 -21713475.000000
3 3 2 -21734825.000000
4 4 1 -21740400.000000
5 7 1 -21713475.000000
6 7 1 -21713475.000000
7 7 1 -21713475.000000
8 8 0 -21739755.000000
9 2 1 -21734420.000000
Time: 40.450000
Gen:22
0.512,0.472004,0.0159955,0,22.5416,-2.17095e+07
11569.9
0 3 2 -21709490.000000
1 5 0 -21713025.000000
2 6 0 -21713475.000000
3 5 0 -21711400.000000
4 7 0 -21712555.000000
5 5 0 -21713025.000000
6 2 1 -21711400.000000
7 2 1 -21711400.000000
8 5 0 -21711400.000000
9 3 2 -21709490.000000
Time: 41.010000
Gen:23
0.516154,0.470986,0.0128597,0,22.5096,-2.16787e+07
1323.24
0 9 2 -21681325.000000
1 0 2 -21681325.000000
2 9 2 -21681325.000000
3 9 2 -21678700.000000
4 9 2 -21681325.000000
5 9 2 -21681325.000000
6 9 2 -21678700.000000
7 9 2 -21681325.000000
8 8 0 -21696900.000000
9 2 0 -21704055.000000
Time: 41.080000
Gen:24
0.51212,0.479096,0.00878427,0,22.4829,-2.1653e+07
8147.09
0 7 1 -21669250.000000
1 6 2 -21652970.000000
2 3 2 -21652970.000000
3 7 2 -21674960.000000
4 3 2 -21652970.000000
5 1 0 -21673620.000000
6 3 2 -21652970.000000
7 3 2 -21652970.000000
8 6 2 -21652970.000000
9 3 2 -21652970.000000
Time: 40.300000
Gen:25
0.512374,0.478841,0.00878427,0,22.4705,-2.1641e+07
9098.71
0 2 0 -21641040.000000
1 6 1 -21644585.000000
2 9 0 -21649595.000000
3 6 1 -21644585.000000
4 2 0 -21641040.000000
5 6 0 -21645070.000000
6 2 0 -21641040.000000
7 6 1 -21644585.000000
8 4 1 -21650865.000000
9 2 0 -21641040.000000
Time: 40.020000
Gen:26
0.513392,0.477824,0.00878427,0,22.4661,-2.16368e+07
3383.24
0 0 0 -21637370.000000
1 8 0 -21638935.000000
2 4 1 -21641040.000000
3 6 1 -21636770.000000
4 8 0 -21638935.000000
5 6 0 -21640120.000000
6 9 0 -21636995.000000
7 8 0 -21638935.000000
8 4 0 -21639240.000000
9 3 0 -21640315.000000
Time: 40.240000
Gen:27
0.514342,0.477756,0.00790169,0,22.459,-2.16299e+07
1366.91
0 1 0 -21629910.000000
1 1 0 -21629910.000000
2 6 0 -21632840.000000
3 1 0 -21629910.000000
4 1 0 -21632790.000000
5 3 0 -21634670.000000
6 1 0 -21632790.000000
7 5 0 -21633975.000000
8 1 0 -21631820.000000
9 1 0 -21629910.000000
Time: 40.480000
Gen:28
0.515982,0.476116,0.00790169,0,22.4508,-2.1622e+07
1739.84
0 3 0 -21622010.000000
1 0 0 -21625470.000000
2 3 0 -21622010.000000
3 3 0 -21622795.000000
4 3 0 -21629275.000000
5 3 0 -21622010.000000
6 6 0 -21626205.000000
7 3 0 -21622795.000000
8 1 1 -21629910.000000
9 3 0 -21622795.000000
Time: 40.600000
Gen:29
0.516849,0.476069,0.00708141,0,22.443,-2.16145e+07
2884.97
