neighborhoodSize:20
run:3
stableCount:20
minFitnessRatio:1e-05
paSm:0.1
routeSetSize:15
popSize:10
elite:2
maxGen:200
pSm:0.5
beta:0.8
pDelete:0.4
maxIter:1
pSwap:1
tFit:100
e:0.7
maxRouteLength:30
minGen:1
prcm:0
minRouteLength:10
minRouteLength:10
 OpATT19.2695
minRputeSize: 10 maxRouteSize: 30
mutation constructed
Initial : -2.23361e+07
0.45834
0.499001
0.0413411
0.00131868
23.1314

-----------------------------------------
Iteration:0 started

Gen:0
0.461278,0.497251,0.0414709,0,23.0584,-2.22072e+07
420249
0 0 2 -22296620.000000
1 1 2 -22300928.027344
2 1 2 -22300928.027344
3 0 2 -22207195.000000
4 0 2 -22207195.000000
5 0 2 -22296620.000000
6 0 2 -22296620.000000
7 0 0 -22321287.304688
8 0 2 -22207195.000000
9 0 2 -22310635.000000
Time: 34.540000
Gen:1
0.473883,0.49425,0.0318663,0,22.9302,-2.20837e+07
44664.8
0 4 1 -22169115.000000
1 3 2 -22101385.000000
2 3 2 -22168385.000000
3 8 2 -22162365.000000
4 8 2 -22162365.000000
5 8 2 -22083695.000000
6 8 2 -22083695.000000
7 8 2 -22083695.000000
8 3 2 -22101385.000000
9 3 2 -22101385.000000
Time: 35.520000
Gen:2
0.473468,0.507847,0.0186847,0,22.8343,-2.19914e+07
36477.6
0 6 2 -21991355.000000
1 6 2 -21991355.000000
2 6 2 -22000065.000000
3 6 2 -22000065.000000
4 6 2 -22000065.000000
5 6 2 -22000065.000000
6 6 2 -22000065.000000
7 6 2 -21991355.000000
8 6 2 -22000065.000000
9 6 0 -22055915.000000
Time: 34.590000
Gen:3
0.470078,0.515308,0.0146145,0,22.7768,-2.1936e+07
18051.3
0 1 0 -21968805.000000
1 3 1 -21978730.000000
2 1 0 -21961745.000000
3 1 0 -21961745.000000
4 1 0 -21961745.000000
5 8 2 -21935950.000000
6 6 0 -21977515.000000
7 1 0 -21961745.000000
8 8 2 -21935950.000000
9 1 0 -21961745.000000
Time: 33.280000
Gen:4
0.471755,0.514638,0.0136073,0,22.7614,-2.19211e+07
13798.3
0 5 0 -21925450.000000
1 8 0 -21923930.000000
2 5 0 -21925450.000000
3 8 0 -21923930.000000
4 8 0 -21925545.000000
5 8 0 -21931670.000000
6 5 0 -21925450.000000
7 8 0 -21921130.000000
8 8 0 -21921130.000000
9 5 1 -21927535.000000
Time: 33.110000
Gen:5
0.469964,0.516979,0.013057,0,22.7353,-2.1896e+07
2896.8
0 8 2 -21896030.000000
1 8 2 -21896030.000000
2 8 2 -21896030.000000
3 7 1 -21900200.000000
4 8 2 -21896030.000000
5 8 2 -21896030.000000
6 8 2 -21896030.000000
7 8 2 -21896030.000000
8 8 2 -21896030.000000
9 8 2 -21896030.000000
Time: 33.130000
Gen:6
0.474943,0.512535,0.0125223,0,22.7022,-2.18642e+07
1251
0 5 0 -21877905.000000
1 5 0 -21881560.000000
2 2 1 -21864150.000000
3 2 1 -21864150.000000
4 2 0 -21877905.000000
5 2 0 -21877905.000000
6 2 1 -21864150.000000
7 2 0 -21877905.000000
8 5 0 -21877905.000000
9 2 1 -21864150.000000
Time: 33.270000
Gen:7
0.478577,0.508901,0.0125223,0,22.6822,-2.18449e+07
7115.64
0 5 1 -21844855.000000
1 9 0 -21851400.000000
2 5 1 -21844855.000000
3 5 1 -21844855.000000
4 5 2 -21854195.000000
5 9 0 -21851400.000000
6 9 0 -21851400.000000
7 5 1 -21844855.000000
8 5 1 -21844855.000000
9 5 1 -21844855.000000
Time: 33.760000
Gen:8
0.48192,0.506269,0.011811,0,22.6632,-2.18266e+07
3630.31
0 6 1 -21826620.000000
1 9 0 -21832105.000000
2 6 1 -21826620.000000
3 3 0 -21840460.000000
4 3 0 -21830385.000000
5 6 1 -21826620.000000
6 9 0 -21829435.000000
7 6 1 -21826620.000000
8 9 0 -21829435.000000
9 9 0 -21832105.000000
Time: 34.520000
Gen:9
0.484339,0.50385,0.011811,0,22.6444,-2.18085e+07
4058.84
0 2 0 -21812475.000000
1 2 0 -21817840.000000
2 2 0 -21817840.000000
3 7 0 -21808495.000000
4 2 0 -21812475.000000
5 2 0 -21812475.000000
6 7 0 -21808495.000000
7 7 0 -21808495.000000
8 7 0 -21816920.000000
9 2 0 -21812475.000000
Time: 34.940000
Gen:10
0.486754,0.505054,0.00819242,0,22.6072,-2.17727e+07
3518.51
0 0 2 -21784420.000000
1 0 2 -21784420.000000
2 4 1 -21772690.000000
3 0 2 -21784420.000000
4 4 1 -21772690.000000
5 4 1 -21772690.000000
6 0 2 -21784420.000000
7 3 1 -21788550.000000
8 2 1 -21801860.000000
9 4 1 -21772690.000000
Time: 34.980000
Gen:11
0.487709,0.503419,0.00887253,0,22.5917,-2.17577e+07
8985.1
0 2 0 -21757710.000000
1 5 0 -21769565.000000
2 2 0 -21757710.000000
3 2 0 -21757710.000000
4 2 0 -21757710.000000
5 2 0 -21757710.000000
6 2 0 -21768015.000000
7 2 0 -21757710.000000
8 1 1 -21766810.000000
9 1 1 -21766810.000000
Time: 36.660000
Gen:12
0.497376,0.493347,0.00927748,0,22.5626,-2.17297e+07
4994.61
0 5 1 -21746945.000000
1 4 1 -21752020.000000
2 5 1 -21746945.000000
3 7 0 -21748930.000000
4 5 1 -21746945.000000
5 0 2 -21729655.000000
6 0 2 -21729655.000000
7 0 2 -21729655.000000
8 0 2 -21729655.000000
9 5 1 -21746945.000000
Time: 37.090000
Gen:13
0.499421,0.492142,0.00843643,0,22.5389,-2.17069e+07
9164.23
0 0 2 -21714720.000000
1 0 2 -21714720.000000
2 6 0 -21718880.000000
3 8 0 -21718880.000000
4 8 1 -21706860.000000
5 5 0 -21718880.000000
6 8 1 -21706860.000000
7 8 0 -21718880.000000
8 8 0 -21718880.000000
9 7 0 -21720370.000000
Time: 37.590000
Gen:14
0.501051,0.491192,0.00775632,0,22.5328,-2.1701e+07
4801
0 6 0 -21703880.000000
1 3 1 -21700970.000000
2 4 0 -21701145.000000
3 0 0 -21705020.000000
4 4 0 -21701145.000000
5 6 0 -21703880.000000
6 3 1 -21700970.000000
7 4 0 -21701145.000000
8 3 1 -21700970.000000
9 3 1 -21700970.000000
Time: 38.720000
Gen:15
0.503112,0.489131,0.00775632,0,22.5227,-2.16913e+07
1504.16
0 9 0 -21691270.000000
1 1 0 -21697320.000000
2 9 0 -21691270.000000
3 4 0 -21695505.000000
4 9 0 -21691270.000000
5 7 0 -21691445.000000
6 7 0 -21691445.000000
7 9 0 -21691270.000000
8 7 0 -21691445.000000
9 9 0 -21691865.000000
Time: 39.340000
Gen:16
0.503756,0.488612,0.00763173,0,22.5132,-2.16822e+07
2048.81
0 6 0 -21684910.000000
1 6 0 -21688880.000000
2 7 0 -21682165.000000
3 6 0 -21684910.000000
4 6 0 -21682160.000000
5 0 0 -21687225.000000
6 6 0 -21682160.000000
7 6 0 -21682160.000000
8 8 1 -21685485.000000
9 7 0 -21682165.000000
Time: 39.610000
Gen:17
0.507619,0.485918,0.0064636,0,22.4846,-2.16546e+07
2333.99
0 6 2 -21674580.000000
1 5 0 -21675055.000000
2 6 2 -21674580.000000
3 5 0 -21675055.000000
4 9 1 -21654615.000000
5 5 0 -21675055.000000
6 5 0 -21675055.000000
7 4 2 -21674580.000000
8 9 1 -21654615.000000
9 6 2 -21674580.000000
Time: 39.580000
Gen:18
0.508335,0.485201,0.0064636,0,22.475,-2.16453e+07
8083.79
0 4 1 -21647415.000000
1 4 0 -21645330.000000
2 4 0 -21645330.000000
3 4 0 -21645330.000000
4 4 1 -21647415.000000
5 4 1 -21647415.000000
6 4 0 -21645330.000000
7 4 0 -21653895.000000
8 4 0 -21645330.000000
9 4 0 -21653970.000000
Time: 39.860000
Gen:19
0.510339,0.483197,0.0064636,0,22.4673,-2.16379e+07
3255.97
0 2 0 -21637920.000000
1 2 0 -21641840.000000
2 2 0 -21637920.000000
3 2 0 -21637920.000000
4 6 0 -21645330.000000
5 0 0 -21640625.000000
6 2 0 -21637920.000000
7 2 0 -21641840.000000
8 2 0 -21637920.000000
9 2 0 -21637920.000000
Time: 40.970000
Gen:20
0.512405,0.481162,0.00643245,0,22.453,-2.16241e+07
2464.14
0 9 1 -21624110.000000
1 9 1 -21624110.000000
2 9 1 -21624110.000000
3 5 0 -21631340.000000
4 3 0 -21631880.000000
5 9 1 -21624110.000000
6 9 1 -21624110.000000
7 9 1 -21624110.000000
8 3 0 -21631880.000000
9 9 1 -21624110.000000
Time: 41.030000
Gen:21
0.514482,0.47989,0.00562775,0,22.4462,-2.16176e+07
3480.97
0 9 0 -21619075.000000
1 0 1 -21617575.000000
2 9 0 -21619075.000000
3 9 0 -21619180.000000
4 0 1 -21617575.000000
5 9 0 -21619075.000000
6 0 1 -21617575.000000
7 0 1 -21617575.000000
8 0 1 -21617575.000000
9 9 0 -21619075.000000
Time: 41.800000
Gen:22
0.513496,0.480877,0.00562775,0,22.4346,-2.16064e+07
761.08
0 4 0 -21611535.000000
1 4 0 -21611535.000000
2 8 0 -21606410.000000
3 8 0 -21606410.000000
4 8 0 -21611415.000000
5 8 0 -21611415.000000
6 4 0 -21611535.000000
7 0 0 -21613360.000000
8 0 0 -21613360.000000
9 4 0 -21611535.000000
Time: 42.390000
Gen:23
0.51713,0.477938,0.00493207,0,22.4304,-2.16024e+07
2335.44
0 3 1 -21603925.000000
1 2 0 -21605885.000000
2 2 0 -21606410.000000
3 2 0 -21605885.000000
4 3 1 -21603925.000000
5 2 0 -21605885.000000
6 2 0 -21606410.000000
7 2 0 -21606410.000000
8 8 1 -21605665.000000
9 9 1 -21602400.000000
Time: 42.910000
Gen:24
0.516538,0.477834,0.00562775,0,22.4211,-2.15935e+07
1305.51
0 8 1 -21593460.000000
1 9 0 -21598750.000000
2 9 0 -21598750.000000
3 9 0 -21598750.000000
4 8 1 -21593460.000000
5 9 0 -21598750.000000
6 9 0 -21598750.000000
7 9 0 -21598750.000000
8 8 1 -21593460.000000
9 9 0 -21600875.000000
Time: 43.010000
Gen:25
0.516631,0.478436,0.00493207,0,22.4167,-2.15892e+07
2637.72
0 9 1 -21589210.000000
1 9 1 -21589210.000000
2 4 1 -21590800.000000
3 4 1 -21590800.000000
4 2 1 -21591075.000000
5 9 1 -21589210.000000
6 4 1 -21590800.000000
7 9 1 -21589210.000000
8 9 1 -21589210.000000
9 4 1 -21590800.000000
Time: 42.950000
Gen:26
0.517327,0.477741,0.00493207,0,22.4126,-2.15852e+07
826.17
0 5 0 -21585210.000000
1 8 1 -21586785.000000
2 1 0 -21586775.000000
3 2 0 -21587945.000000
4 5 0 -21585210.000000
5 3 0 -21587945.000000
6 5 0 -21585210.000000
7 5 0 -21585210.000000
8 5 0 -21585210.000000
9 3 0 -21587945.000000
Time: 43.230000
Gen:27
0.518558,0.47651,0.00493207,0,22.4062,-2.1579e+07
1204.14
0 4 0 -21584685.000000
1 6 0 -21584730.000000
2 8 0 -21584755.000000
3 8 0 -21579040.000000
4 6 0 -21584730.000000
5 4 0 -21584685.000000
6 6 0 -21585210.000000
7 8 0 -21584755.000000
8 6 0 -21584755.000000
9 6 0 -21584755.000000
Time: 43.520000
Gen:28
0.516507,0.478561,0.00493207,0,22.4014,-2.15744e+07
1729.42
