neighborhoodSize:20
run:3
stableCount:20
minFitnessRatio:1e-05
paSm:0.1
routeSetSize:15
popSize:10
elite:2
maxGen:200
pSm:0.5
beta:0.8
pDelete:0.4
maxIter:1
pSwap:1
tFit:180
e:0.7
maxRouteLength:30
minGen:1
prcm:0
minRouteLength:10
minRouteLength:10
 OpATT19.2695
minRputeSize: 10 maxRouteSize: 30
mutation constructed
Initial : -2.23361e+07
0.45834
0.499001
0.0413411
0.00131868
23.1314

-----------------------------------------
Iteration:0 started

Gen:0
0.461278,0.497251,0.0414709,0,23.0584,-2.22072e+07
420249
0 0 2 -22296620.000000
1 1 2 -22300928.027344
2 0 2 -22207195.000000
3 0 2 -22296620.000000
4 0 2 -22207195.000000
5 1 2 -22300928.027344
6 0 2 -22207195.000000
7 0 2 -22207195.000000
8 0 2 -22207195.000000
9 0 2 -22207195.000000
Time: 34.550000
Gen:1
0.4612,0.514145,0.0246551,0,22.9282,-2.20818e+07
44885
0 9 2 -22081820.000000
1 9 2 -22081820.000000
2 9 2 -22081820.000000
3 9 2 -22081820.000000
4 9 2 -22081820.000000
5 9 2 -22081820.000000
6 2 2 -22081820.000000
7 2 2 -22081820.000000
8 9 2 -22081820.000000
9 6 2 -22101385.000000
Time: 35.310000
Gen:2
0.472196,0.510163,0.0176412,0,22.8515,-2.20079e+07
5869.5
0 3 1 -22048840.000000
1 9 2 -22007925.000000
2 9 2 -22007925.000000
3 9 2 -22007925.000000
4 9 2 -22007925.000000
5 7 2 -22031490.000000
6 3 0 -22064920.000000
7 6 0 -22064920.000000
8 3 1 -22048840.000000
9 7 2 -22031490.000000
Time: 33.520000
Gen:3
0.476651,0.505267,0.0180825,0,22.8189,-2.19766e+07
22479.1
0 9 2 -21992645.000000
1 4 1 -21976560.000000
2 4 1 -21976560.000000
3 4 1 -21976560.000000
4 4 1 -21976560.000000
5 4 1 -21976560.000000
6 9 2 -21992645.000000
7 4 0 -21983210.000000
8 4 1 -21976560.000000
9 4 0 -21983210.000000
Time: 33.310000
Gen:4
0.481193,0.500724,0.0180825,0,22.7887,-2.19474e+07
6317.81
0 1 1 -21947420.000000
1 1 1 -21947420.000000
2 1 1 -21947420.000000
3 1 1 -21947420.000000
4 5 0 -21960150.000000
5 1 1 -21947420.000000
6 5 0 -21960150.000000
7 4 0 -21958635.000000
8 1 1 -21947420.000000
9 1 1 -21947420.000000
Time: 33.770000
Gen:5
0.485305,0.496612,0.0180825,0,22.7591,-2.19189e+07
5615.84
0 0 0 -21926610.000000
1 8 1 -21918930.000000
2 8 1 -21918930.000000
3 8 1 -21918930.000000
4 8 1 -21918930.000000
5 0 0 -21926610.000000
6 8 1 -21918930.000000
7 0 0 -21926610.000000
8 8 1 -21918930.000000
9 8 0 -21929495.000000
Time: 34.960000
Gen:6
0.491089,0.490569,0.0183421,0,22.6916,-2.1854e+07
4190.9
0 3 2 -21853955.000000
1 8 2 -21853955.000000
2 4 2 -21853955.000000
3 4 2 -21853955.000000
4 1 2 -21853955.000000
5 4 2 -21853955.000000
6 8 2 -21853955.000000
7 4 2 -21853955.000000
8 3 2 -21853955.000000
9 1 2 -21853955.000000
Time: 36.030000
Gen:7
0.493414,0.488524,0.0180617,0,22.672,-2.1835e+07
0
0 9 0 -21843675.000000
1 8 1 -21835025.000000
2 9 0 -21843675.000000
3 8 1 -21835025.000000
4 9 0 -21843675.000000
5 8 1 -21835025.000000
6 8 1 -21835025.000000
7 8 1 -21835025.000000
8 8 1 -21835025.000000
9 8 1 -21835025.000000
Time: 38.060000
Gen:8
0.494956,0.488166,0.0168781,0,22.6604,-2.18239e+07
3963.93
0 5 1 -21823915.000000
1 3 0 -21827115.000000
2 5 1 -21823915.000000
3 9 0 -21827670.000000
4 3 0 -21827115.000000
5 9 0 -21827670.000000
6 5 1 -21823915.000000
7 5 1 -21823915.000000
8 5 1 -21823915.000000
9 5 1 -21823915.000000
Time: 38.720000
Gen:9
0.496955,0.48599,0.0170546,0,22.6399,-2.18041e+07
1712.64
0 3 1 -21804125.000000
1 9 0 -21816760.000000
2 3 1 -21804125.000000
3 3 1 -21804125.000000
4 3 1 -21804125.000000
5 0 0 -21815620.000000
6 0 0 -21815620.000000
7 3 1 -21804125.000000
8 0 0 -21815620.000000
9 3 1 -21804125.000000
Time: 39.470000
Gen:10
0.498736,0.484921,0.0163433,0,22.6313,-2.17958e+07
5779.44
0 9 0 -21797640.000000
1 0 0 -21795830.000000
2 0 0 -21795830.000000
3 0 0 -21795830.000000
4 0 0 -21795830.000000
5 0 0 -21795830.000000
6 7 0 -21799585.000000
7 0 0 -21803205.000000
8 0 0 -21795830.000000
9 0 0 -21795830.000000
Time: 39.990000
Gen:11
0.501654,0.487532,0.0108142,0,22.57,-2.17369e+07
2345.69
0 0 2 -21736860.000000
1 0 2 -21753580.000000
2 0 2 -21736860.000000
3 0 2 -21736860.000000
4 1 0 -21794060.000000
5 0 2 -21736860.000000
6 0 2 -21736860.000000
7 0 2 -21736860.000000
8 0 2 -21736860.000000
9 0 2 -21747885.000000
Time: 40.350000
Gen:12
0.50197,0.485855,0.0121744,0,22.5162,-2.1685e+07
17179.6
0 0 2 -21684970.000000
1 0 2 -21684970.000000
2 0 2 -21684970.000000
3 0 0 -21730300.000000
4 0 2 -21684970.000000
5 0 2 -21684970.000000
6 8 2 -21732100.000000
7 0 0 -21730300.000000
8 0 2 -21684970.000000
9 0 2 -21684970.000000
Time: 39.300000
Gen:13
0.504322,0.483929,0.0117487,0,22.4988,-2.16683e+07
21052.9
0 2 0 -21668300.000000
1 2 0 -21668300.000000
2 2 0 -21668300.000000
3 2 0 -21668300.000000
4 2 0 -21668300.000000
5 2 0 -21668300.000000
6 2 0 -21668300.000000
7 1 0 -21681845.000000
8 2 0 -21668300.000000
9 8 0 -21680975.000000
Time: 39.550000
Gen:14
0.507427,0.482128,0.0104456,0,22.4764,-2.16467e+07
5247.61
0 4 1 -21646695.000000
1 4 1 -21646695.000000
2 0 0 -21661300.000000
3 4 1 -21646695.000000
4 4 1 -21646695.000000
5 4 1 -21646695.000000
6 4 1 -21646695.000000
7 4 2 -21652910.000000
8 4 2 -21652910.000000
9 0 0 -21661300.000000
Time: 39.580000
Gen:15
0.508673,0.480882,0.0104456,0,22.4636,-2.16344e+07
5748.7
0 0 0 -21634350.000000
1 4 2 -21635375.000000
2 6 2 -21635375.000000
3 6 2 -21635375.000000
4 0 0 -21634350.000000
5 6 2 -21635375.000000
6 4 2 -21635375.000000
7 0 0 -21634350.000000
8 3 0 -21642030.000000
9 0 0 -21634350.000000
Time: 40.010000
Gen:16
0.510298,0.480186,0.00951629,0,22.456,-2.1627e+07
2187.21
0 3 1 -21626990.000000
1 3 0 -21631040.000000
2 3 1 -21626990.000000
3 3 0 -21631040.000000
4 3 1 -21626990.000000
5 3 0 -21631040.000000
6 3 1 -21626990.000000
7 2 0 -21632330.000000
8 3 1 -21626990.000000
9 3 1 -21626990.000000
Time: 40.240000
Gen:17
0.512769,0.479298,0.00793284,0,22.4453,-2.16167e+07
2171.02
0 4 1 -21616735.000000
1 4 1 -21616735.000000
2 4 1 -21616735.000000
3 4 1 -21616735.000000
4 4 1 -21616735.000000
5 4 1 -21616735.000000
6 4 1 -21616735.000000
7 4 0 -21626470.000000
8 4 1 -21616735.000000
9 6 1 -21617605.000000
Time: 40.310000
Gen:18
0.514627,0.472684,0.0126884,0,22.4392,-2.16109e+07
2903.11
0 9 2 -21610905.000000
1 9 2 -21610905.000000
2 8 0 -21613690.000000
3 3 0 -21612400.000000
4 3 0 -21612400.000000
5 3 0 -21612400.000000
6 9 2 -21610905.000000
7 8 0 -21613690.000000
8 9 2 -21610905.000000
9 9 2 -21610905.000000
Time: 41.140000
Gen:19
0.51673,0.470317,0.0129532,0,22.4238,-2.1596e+07
1100.33
0 6 2 -21596005.000000
1 8 2 -21596005.000000
2 0 2 -21596005.000000
3 6 2 -21596005.000000
4 0 2 -21596005.000000
5 9 2 -21596005.000000
6 9 2 -21596005.000000
7 1 2 -21596005.000000
8 6 2 -21596005.000000
9 6 2 -21596005.000000
Time: 41.550000
Gen:20
0.519674,0.468152,0.0121744,0,22.4123,-2.1585e+07
0
0 2 0 -21589020.000000
1 2 0 -21589020.000000
2 1 1 -21584985.000000
3 1 1 -21584985.000000
4 2 0 -21589020.000000
5 5 0 -21589270.000000
6 5 0 -21589270.000000
7 1 1 -21584985.000000
8 1 1 -21584985.000000
9 1 1 -21584985.000000
Time: 40.950000
Gen:21
0.519674,0.468152,0.0121744,0,22.4053,-2.15782e+07
2069.31
0 5 1 -21578250.000000
1 0 0 -21582565.000000
2 5 1 -21578250.000000
3 5 1 -21578250.000000
4 5 1 -21578250.000000
5 8 1 -21582525.000000
6 5 1 -21578250.000000
7 5 1 -21578250.000000
8 5 1 -21578250.000000
9 5 1 -21578250.000000
Time: 40.920000
Gen:22
0.521112,0.467425,0.0114632,0,22.3986,-2.15718e+07
1718.02
0 8 0 -21571795.000000
1 2 0 -21571795.000000
2 7 0 -21571795.000000
3 9 0 -21571795.000000
4 7 0 -21571795.000000
5 9 0 -21571795.000000
6 2 0 -21571795.000000
7 4 0 -21571795.000000
8 0 1 -21571795.000000
9 0 0 -21571795.000000
Time: 41.480000
Gen:23
0.5227,0.465836,0.0114632,0,22.3918,-2.15652e+07
0
0 6 0 -21565235.000000
1 1 0 -21566310.000000
2 1 0 -21565235.000000
3 1 0 -21566310.000000
4 1 0 -21566310.000000
5 1 0 -21565235.000000
6 6 0 -21565235.000000
7 1 0 -21565235.000000
8 1 0 -21565235.000000
9 1 0 -21565235.000000
Time: 41.460000
Gen:24
0.523946,0.46459,0.0114632,0,22.379,-2.15529e+07
492.627
0 1 0 -21553965.000000
1 1 0 -21553965.000000
2 2 0 -21552890.000000
3 0 0 -21562935.000000
4 1 0 -21553965.000000
5 1 0 -21553965.000000
6 2 0 -21552890.000000
7 1 0 -21553965.000000
8 5 0 -21563820.000000
9 2 0 -21552890.000000
Time: 41.880000
Gen:25
0.525483,0.463505,0.0110115,0,22.3733,-2.15474e+07
3958.7
0 9 0 -21547405.000000
1 9 0 -21547405.000000
2 2 0 -21552095.000000
3 9 0 -21552555.000000
4 9 0 -21547405.000000
5 9 0 -21547405.000000
6 9 0 -21547405.000000
7 9 0 -21547405.000000
8 9 0 -21547405.000000
9 9 0 -21552555.000000
Time: 41.860000
Gen:26
0.526994,0.461995,0.0110115,0,22.3672,-2.15415e+07
2292.84
0 5 0 -21541545.000000
1 0 0 -21541545.000000
2 0 0 -21541545.000000
3 0 0 -21541545.000000
4 5 0 -21541545.000000
5 5 0 -21541545.000000
6 0 0 -21541545.000000
7 5 0 -21541545.000000
8 0 0 -21541545.000000
9 5 0 -21541545.000000
Time: 41.870000
Gen:27
0.52798,0.461008,0.0110115,0,22.3648,-2.15392e+07
0
0 9 0 -21540270.000000
1 7 0 -21540625.000000
2 9 0 -21540270.000000
3 6 0 -21539540.000000
4 6 0 -21539540.000000
5 8 0 -21539245.000000
6 8 0 -21539245.000000
7 8 0 -21539245.000000
8 8 0 -21539245.000000
9 8 0 -21539245.000000
Time: 42.350000
Gen:28
0.528655,0.460333,0.0110115,0,22.3628,-2.15372e+07
506.326
