neighborhoodSize:20
run:3
stableCount:20
minFitnessRatio:1e-05
paSm:0.1
routeSetSize:15
popSize:10
elite:2
maxGen:200
pSm:0.5
beta:0.8
pDelete:0.4
maxIter:1
pSwap:1
tFit:80
e:0.7
maxRouteLength:30
minGen:1
prcm:0
minRouteLength:10
minRouteLength:10
 OpATT19.2695
minRputeSize: 10 maxRouteSize: 30
mutation constructed
Initial : -2.23361e+07
0.45834
0.499001
0.0413411
0.00131868
23.1314

-----------------------------------------
Iteration:0 started

Gen:0
0.461278,0.497251,0.0414709,0,23.0584,-2.22072e+07
420249
0 0 2 -22296620.000000
1 0 1 -22319077.304688
2 1 2 -22300928.027344
3 1 2 -22300928.027344
4 0 2 -22207195.000000
5 0 2 -22207195.000000
6 1 2 -22300928.027344
7 0 2 -22296620.000000
8 0 2 -22296620.000000
9 0 0 -22336097.304688
Time: 34.800000
Gen:1
0.461309,0.514358,0.0243333,0,22.922,-2.20759e+07
41268.3
0 4 1 -22200950.000000
1 5 2 -22081820.000000
2 5 2 -22162365.000000
3 4 2 -22081820.000000
4 4 1 -22200950.000000
5 5 2 -22075865.000000
6 5 0 -22171475.000000
7 5 2 -22075865.000000
8 5 2 -22081820.000000
9 5 2 -22081820.000000
Time: 36.160000
Gen:2
0.467711,0.508257,0.0240321,0,22.8718,-2.20275e+07
52206.5
0 7 2 -22027505.000000
1 9 0 -22061135.000000
2 7 2 -22027505.000000
3 7 2 -22027505.000000
4 1 0 -22064920.000000
5 7 2 -22027505.000000
6 9 0 -22061135.000000
7 1 2 -22066765.000000
8 7 2 -22027505.000000
9 1 0 -22064920.000000
Time: 33.870000
Gen:3
0.474854,0.49803,0.027116,0,22.8049,-2.1963e+07
18205.2
0 8 1 -22001375.000000
1 3 2 -21966390.000000
2 0 2 -21990030.000000
3 3 2 -21966390.000000
4 2 2 -21963050.000000
5 2 2 -21963050.000000
6 0 0 -21997440.000000
7 2 2 -21963050.000000
8 3 2 -21966390.000000
9 0 2 -21990030.000000
Time: 33.900000
Gen:4
0.479843,0.503808,0.0163485,0,22.7408,-2.19013e+07
15073.9
0 8 2 -21905555.000000
1 4 1 -21903600.000000
2 7 2 -21901300.000000
3 9 2 -21931850.000000
4 4 0 -21937945.000000
5 4 1 -21903600.000000
6 7 2 -21901300.000000
7 5 0 -21931780.000000
8 7 2 -21901300.000000
9 7 2 -21901300.000000
Time: 34.360000
Gen:5
0.483914,0.502168,0.0139188,0,22.679,-2.18418e+07
14488
0 9 2 -21880405.000000
1 9 2 -21880405.000000
2 9 2 -21880405.000000
3 5 2 -21841850.000000
4 1 2 -21841850.000000
5 1 2 -21841850.000000
6 5 2 -21841850.000000
7 7 2 -21869360.000000
8 1 2 -21841850.000000
9 5 2 -21841850.000000
Time: 34.850000
Gen:6
0.484786,0.496431,0.0187834,0,22.6531,-2.18169e+07
17794.3
0 4 1 -21818685.000000
1 3 0 -21832035.000000
2 0 2 -21816885.000000
3 0 2 -21816885.000000
4 5 0 -21831475.000000
5 0 2 -21816885.000000
6 5 0 -21831475.000000
7 8 0 -21822245.000000
8 4 1 -21818685.000000
9 5 1 -21829385.000000
Time: 35.240000
Gen:7
0.484298,0.499265,0.0164368,0,22.6319,-2.17965e+07
6433.4
0 5 0 -21796475.000000
1 5 0 -21796475.000000
2 2 1 -21806220.000000
3 3 0 -21800970.000000
4 5 0 -21796475.000000
5 5 0 -21796475.000000
6 8 2 -21810405.000000
7 8 0 -21807260.000000
8 5 0 -21796475.000000
9 5 0 -21796475.000000
Time: 35.830000
Gen:8
0.483197,0.50047,0.0163329,0,22.5964,-2.17623e+07
5232.42
0 8 0 -21784645.000000
1 4 0 -21762270.000000
2 9 0 -21762270.000000
3 8 1 -21782820.000000
4 4 0 -21762270.000000
5 9 0 -21762270.000000
6 0 1 -21770305.000000
7 0 1 -21770305.000000
8 9 0 -21762270.000000
9 4 0 -21781785.000000
Time: 35.680000
Gen:9
0.485596,0.498357,0.0160474,0,22.5628,-2.17299e+07
9036.14
0 5 0 -21750440.000000
1 8 0 -21752560.000000
2 5 0 -21750440.000000
3 1 1 -21729890.000000
4 8 0 -21752560.000000
5 8 0 -21752560.000000
6 1 1 -21729890.000000
7 1 1 -21729890.000000
8 1 1 -21729890.000000
9 5 0 -21750440.000000
Time: 35.910000
Gen:10
0.487491,0.496462,0.0160474,0,22.5468,-2.17145e+07
10618.5
0 3 0 -21723140.000000
1 7 0 -21720350.000000
2 7 1 -21714475.000000
3 3 0 -21721880.000000
4 3 0 -21721880.000000
5 7 1 -21714475.000000
6 7 0 -21720350.000000
7 3 1 -21716030.000000
8 7 1 -21714475.000000
9 3 1 -21716030.000000
Time: 36.090000
Gen:11
0.490382,0.49357,0.0160474,0,22.5379,-2.17059e+07
3341.56
0 9 0 -21708020.000000
1 4 0 -21710050.000000
2 4 0 -21710050.000000
3 2 0 -21709560.000000
4 6 1 -21705875.000000
5 6 1 -21705875.000000
6 2 0 -21709560.000000
7 6 1 -21705875.000000
8 9 0 -21708020.000000
9 9 0 -21707775.000000
Time: 36.510000
Gen:12
0.495055,0.491966,0.0129791,0,22.5076,-2.16767e+07
1637.89
0 0 0 -21686450.000000
1 7 1 -21676735.000000
2 2 0 -21697080.000000
3 0 0 -21686450.000000
4 7 0 -21695865.000000
5 5 0 -21692015.000000
6 7 1 -21676735.000000
7 7 0 -21695865.000000
8 5 0 -21692015.000000
9 2 0 -21697080.000000
Time: 36.840000
Gen:13
0.496976,0.490045,0.0129791,0,22.497,-2.16665e+07
7435.85
0 1 0 -21674365.000000
1 1 0 -21672375.000000
2 6 0 -21669985.000000
3 6 0 -21672270.000000
4 1 0 -21671205.000000
5 6 0 -21666480.000000
6 1 0 -21672375.000000
7 6 0 -21666480.000000
8 6 0 -21672270.000000
9 1 0 -21669795.000000
Time: 37.400000
Gen:14
0.496675,0.490964,0.0123613,0,22.4854,-2.16553e+07
2472.64
0 4 1 -21655335.000000
1 2 1 -21657200.000000
2 2 1 -21657200.000000
3 4 1 -21655335.000000
4 5 1 -21662060.000000
5 0 1 -21658565.000000
6 0 1 -21658565.000000
7 3 0 -21658410.000000
8 4 1 -21655335.000000
9 5 0 -21661670.000000
Time: 38.110000
Gen:15
0.497396,0.490242,0.0123613,0,22.475,-2.16453e+07
2309.44
0 3 1 -21645955.000000
1 8 0 -21649370.000000
2 4 0 -21648200.000000
3 0 0 -21645325.000000
4 0 0 -21645325.000000
5 8 0 -21649370.000000
6 3 1 -21645955.000000
7 3 1 -21645955.000000
8 0 0 -21645325.000000
9 1 1 -21647475.000000
Time: 38.700000
Gen:16
0.502495,0.486951,0.0105546,0,22.4557,-2.16268e+07
1558.46
0 9 1 -21626760.000000
1 7 0 -21639015.000000
2 7 0 -21632095.000000
3 4 0 -21631465.000000
4 3 1 -21630095.000000
5 9 1 -21626760.000000
6 9 1 -21626760.000000
7 4 0 -21631465.000000
8 2 0 -21636370.000000
9 3 1 -21630095.000000
Time: 39.150000
Gen:17
0.499104,0.490523,0.0103729,0,22.4448,-2.16162e+07
3875.59
0 7 0 -21619875.000000
1 6 0 -21622340.000000
2 6 0 -21616505.000000
3 6 0 -21622910.000000
4 6 0 -21616505.000000
5 6 0 -21616505.000000
6 6 0 -21616505.000000
7 4 0 -21616235.000000
8 5 0 -21622340.000000
9 6 0 -21616505.000000
Time: 39.970000
Gen:18
0.501591,0.488347,0.0100614,0,22.4242,-2.15964e+07
2751.55
0 3 1 -21607680.000000
1 9 2 -21596370.000000
2 6 0 -21605900.000000
3 6 0 -21608195.000000
4 9 0 -21612085.000000
5 6 0 -21605900.000000
6 6 0 -21605900.000000
7 9 2 -21596370.000000
8 6 0 -21605900.000000
9 3 1 -21607680.000000
Time: 40.830000
Gen:19
0.502178,0.487761,0.0100614,0,22.4141,-2.15867e+07
4759.96
0 7 0 -21595450.000000
1 3 2 -21586690.000000
2 7 0 -21595450.000000
3 3 2 -21586690.000000
4 3 2 -21586690.000000
5 1 0 -21595845.000000
6 1 0 -21595845.000000
7 7 0 -21595450.000000
8 1 0 -21596370.000000
9 3 2 -21586690.000000
Time: 41.690000
Gen:20
0.505911,0.484916,0.00917365,0,22.3803,-2.15542e+07
4438.69
0 4 1 -21554160.000000
1 4 1 -21554160.000000
2 4 1 -21554160.000000
3 4 2 -21558030.000000
4 1 0 -21570715.000000
5 3 0 -21579995.000000
6 3 0 -21579995.000000
7 0 1 -21570500.000000
8 4 1 -21554160.000000
9 1 0 -21570715.000000
Time: 41.640000
Gen:21
0.507349,0.483478,0.00917365,0,22.3673,-2.15416e+07
10308.8
0 8 1 -21541630.000000
1 8 1 -21541630.000000
2 1 1 -21546740.000000
3 1 1 -21546740.000000
4 2 2 -21546715.000000
5 2 2 -21546715.000000
6 1 1 -21546740.000000
7 8 1 -21541630.000000
8 2 2 -21546715.000000
9 2 2 -21546715.000000
Time: 42.130000
Gen:22
0.510526,0.481744,0.00773037,0,22.3528,-2.15277e+07
2335.17
0 8 2 -21527665.000000
1 8 2 -21527665.000000
2 8 2 -21527665.000000
3 8 2 -21527665.000000
4 8 2 -21527665.000000
5 1 2 -21534185.000000
6 8 2 -21527665.000000
7 1 0 -21538050.000000
8 8 2 -21527665.000000
9 8 2 -21527665.000000
Time: 42.330000
Gen:23
0.51105,0.481219,0.00773037,0,22.345,-2.15202e+07
3489.71
0 1 0 -21520180.000000
1 2 0 -21525295.000000
2 8 1 -21521655.000000
3 1 0 -21525130.000000
4 8 0 -21523665.000000
5 8 1 -21521655.000000
6 2 0 -21525295.000000
7 8 0 -21523665.000000
8 1 0 -21525130.000000
9 4 0 -21525295.000000
Time: 42.410000
Gen:24
0.513127,0.479143,0.00773037,0,22.3408,-2.15161e+07
1802.18
0 9 1 -21516095.000000
1 9 1 -21516095.000000
2 9 1 -21516095.000000
3 9 1 -21516095.000000
4 9 1 -21516095.000000
5 0 1 -21517585.000000
6 2 0 -21520565.000000
7 7 0 -21519205.000000
8 9 1 -21516095.000000
9 0 1 -21517585.000000
Time: 42.920000
Gen:25
0.515204,0.477066,0.00773037,0,22.3268,-2.15026e+07
1514.66
0 3 0 -21511930.000000
1 7 1 -21505425.000000
2 5 1 -21502645.000000
3 5 1 -21502645.000000
4 1 0 -21515550.000000
5 5 0 -21512055.000000
6 7 1 -21505425.000000
7 3 0 -21511635.000000
8 5 1 -21502645.000000
9 3 0 -21511635.000000
Time: 43.330000
Gen:26
0.51619,0.476079,0.00773037,0,22.3227,-2.14986e+07
4629.83
0 2 0 -21502645.000000
1 8 0 -21498645.000000
2 8 0 -21498645.000000
3 3 0 -21502645.000000
4 8 0 -21498645.000000
5 2 0 -21502645.000000
6 8 0 -21498645.000000
7 8 0 -21498645.000000
8 8 0 -21498645.000000
9 3 0 -21502645.000000
Time: 43.860000
Gen:27
0.516849,0.475332,0.00781862,0,22.3069,-2.14834e+07
1959.59
0 0 0 -21487450.000000
1 0 0 -21487450.000000
2 9 0 -21487450.000000
3 1 1 -21497555.000000
4 0 0 -21487450.000000
5 1 0 -21497725.000000
6 1 0 -21483450.000000
7 9 0 -21487450.000000
8 9 0 -21487450.000000
9 1 0 -21483450.000000
Time: 44.310000
Gen:28
0.517986,0.474195,0.00781862,0,22.3043,-2.14809e+07
4736.67
