tFit:80
neighborhoodSize:20
maxGen:200
minRouteLength:10
pDelete:1
e:0.7
maxRouteLength:30
prcm:0
maxIter:1
pSwap:1
routeSetSize:15
paSm:0.1
minGen:1
popSize:10
stableCount:20
elite:2
beta:0.8
minFitnessRatio:1e-05
run:3
pSm:0
pSm:0
 OpATT19.2695
minRputeSize: 10 maxRouteSize: 30
mutation constructed
Initial : -2.23361e+07
0.45834
0.499001
0.0413411
0.00131868
23.1314

-----------------------------------------
Iteration:0 started

Gen:0
0.461107,0.497921,0.0409725,0,23.0632,-2.22119e+07
420249
0 0 2 -22211855.000000
1 0 2 -22211855.000000
2 0 2 -22288885.000000
3 0 2 -22211855.000000
4 0 2 -22213438.730469
5 0 2 -22213438.730469
6 0 2 -22331880.000000
7 0 2 -22253718.730469
8 0 2 -22220223.730469
9 0 2 -22211855.000000
Time: 25.390000
Gen:1
0.468822,0.505423,0.025491,0.000264774,22.9443,-2.21092e+07
39867.9
0 7 2 -22109163.730469
1 7 2 -22109163.730469
2 8 2 -22142675.000000
3 7 2 -22109163.730469
4 8 2 -22142675.000000
5 7 2 -22109163.730469
6 8 2 -22142675.000000
7 8 2 -22142675.000000
8 8 2 -22142675.000000
9 7 2 -22109163.730469
Time: 20.860000
Gen:2
0.473188,0.500132,0.0264151,0.000264774,22.8678,-2.20355e+07
16755.6
0 9 2 -22054470.000000
1 3 2 -22035508.730469
2 3 2 -22035508.730469
3 1 2 -22102730.000000
4 3 2 -22035508.730469
5 1 2 -22054470.000000
6 3 2 -22035508.730469
7 9 2 -22054470.000000
8 3 2 -22054470.000000
9 3 2 -22035508.730469
Time: 12.710000
Gen:3
0.474787,0.504852,0.0203617,0,22.828,-2.19854e+07
19773.8
0 2 2 -21985350.000000
1 0 2 -21993195.000000
2 2 2 -21985350.000000
3 4 2 -22003088.730469
4 0 2 -21993195.000000
5 9 2 -22003088.730469
6 6 2 -22003088.730469
7 0 2 -21993195.000000
8 2 2 -21985350.000000
9 6 2 -22022155.000000
Time: 15.000000
Gen:4
0.469138,0.507224,0.0236376,0,22.767,-2.19265e+07
10925.8
0 0 2 -21926510.000000
1 0 2 -21926510.000000
2 0 2 -21926510.000000
3 0 2 -21926510.000000
4 0 2 -21926510.000000
5 2 2 -21982525.000000
6 8 2 -21960340.000000
7 0 2 -21926510.000000
8 8 2 -21973315.000000
9 8 2 -21973315.000000
Time: 17.160000
Gen:5
0.476718,0.504597,0.0186847,0,22.7411,-2.19016e+07
23017.4
0 1 2 -21920555.000000
1 9 2 -21901620.000000
2 0 2 -21926510.000000
3 4 2 -21920555.000000
4 3 2 -21926510.000000
5 1 2 -21920555.000000
6 9 2 -21901620.000000
7 3 2 -21926510.000000
8 8 2 -21901620.000000
9 9 2 -21901620.000000
Time: 16.910000
Gen:6
0.476822,0.508055,0.0151233,0,22.7149,-2.18764e+07
10979.9
0 9 2 -21876390.000000
1 8 2 -21901620.000000
2 8 2 -21901620.000000
3 9 2 -21876390.000000
4 9 2 -21876390.000000
5 9 2 -21876390.000000
6 6 1 -21901620.000000
7 8 2 -21901620.000000
8 6 1 -21901620.000000
9 9 2 -21876390.000000
Time: 12.880000
Gen:7
0.483389,0.500247,0.0163641,0,22.6704,-2.18335e+07
12615
0 0 2 -21867740.000000
1 0 2 -21833525.000000
2 0 2 -21867740.000000
3 0 2 -21833525.000000
4 3 2 -21844725.000000
5 0 2 -21867740.000000
6 3 2 -21844725.000000
7 3 2 -21844725.000000
8 0 2 -21833525.000000
9 6 2 -21876390.000000
Time: 9.780000
Gen:8
0.49004,0.495974,0.0139863,0,22.6637,-2.1827e+07
15867.2
0 3 2 -21827040.000000
1 9 2 -21838115.000000
2 9 2 -21838115.000000
3 3 2 -21827040.000000
4 7 2 -21844725.000000
5 7 2 -21844725.000000
6 8 1 -21833525.000000
7 1 2 -21827040.000000
8 8 1 -21833525.000000
9 8 2 -21840540.000000
Time: 16.050000
Gen:9
0.49004,0.495974,0.0139863,0,22.6637,-2.1827e+07
6570.83
0 2 2 -21831630.000000
1 6 2 -21827040.000000
2 3 1 -21827040.000000
3 3 2 -21827040.000000
4 7 2 -21830940.000000
5 3 2 -21827040.000000
6 3 1 -21827040.000000
7 3 1 -21827040.000000
8 3 1 -21827040.000000
9 1 2 -21831630.000000
ratio: 0.000000 stable count: 1
Time: 13.180000
Gen:10
0.485606,0.498928,0.0154659,0,22.6604,-2.18239e+07
2005.93
0 0 1 -21831630.000000
1 7 1 -21827040.000000
2 9 2 -21823935.000000
3 2 2 -21827040.000000
4 0 2 -21823935.000000
5 9 2 -21823935.000000
6 9 2 -21823935.000000
7 9 2 -21823935.000000
8 9 2 -21823935.000000
9 9 2 -21823935.000000
Time: 11.310000
Gen:11
0.485606,0.498928,0.0154659,0,22.6604,-2.18239e+07
2432.29
0 4 1 -21823935.000000
1 1 2 -21827040.000000
2 8 2 -21823935.000000
3 9 2 -21823935.000000
4 4 1 -21823935.000000
5 9 2 -21823935.000000
6 4 1 -21823935.000000
7 8 2 -21823935.000000
8 0 2 -21831630.000000
9 4 1 -21823935.000000
ratio: 0.000000 stable count: 1
Time: 10.750000
Gen:12
0.485606,0.498928,0.0154659,0,22.6604,-2.18239e+07
2391.44
0 4 1 -21823935.000000
1 4 1 -21823935.000000
2 5 2 -21831630.000000
3 0 1 -21823935.000000
4 4 1 -21823935.000000
5 4 1 -21823935.000000
6 4 1 -21823935.000000
7 0 2 -21830940.000000
8 4 1 -21823935.000000
9 2 2 -21831630.000000
ratio: 0.000000 stable count: 2
Time: 9.030000
Gen:13
0.485606,0.498928,0.0154659,0,22.6604,-2.18239e+07
3425.53
0 4 2 -21823935.000000
1 4 2 -21823935.000000
2 4 2 -21823935.000000
3 4 2 -21823935.000000
4 0 2 -21823935.000000
5 6 2 -21830940.000000
6 4 2 -21830940.000000
7 0 2 -21823935.000000
8 3 2 -21823935.000000
9 0 2 -21823935.000000
ratio: 0.000000 stable count: 3
Time: 8.060000
Gen:14
0.485606,0.498928,0.0154659,0,22.6604,-2.18239e+07
2802
0 3 1 -21823935.000000
1 7 2 -21833845.000000
2 0 2 -21823935.000000
3 0 2 -21823935.000000
4 1 1 -21823935.000000
5 1 1 -21823935.000000
6 4 2 -21823935.000000
7 9 2 -21831630.000000
8 2 1 -21823935.000000
9 0 2 -21823935.000000
ratio: 0.000000 stable count: 4
Time: 6.430000
Gen:15
0.485606,0.498928,0.0154659,0,22.6604,-2.18239e+07
3555.66
0 6 2 -21831630.000000
1 5 2 -21823935.000000
2 5 2 -21823935.000000
3 5 2 -21823935.000000
4 7 2 -21831630.000000
5 5 2 -21823935.000000
6 5 2 -21823935.000000
7 6 2 -21831630.000000
8 6 2 -21831630.000000
9 3 1 -21823935.000000
ratio: 0.000000 stable count: 5
Time: 7.680000
Gen:16
0.485606,0.498928,0.0154659,0,22.6604,-2.18239e+07
3769.76
0 1 2 -21823935.000000
1 7 2 -21823935.000000
2 7 2 -21823935.000000
3 1 2 -21823935.000000
4 1 2 -21823935.000000
5 3 2 -21833845.000000
6 7 2 -21823935.000000
7 2 2 -21831630.000000
8 9 1 -21823935.000000
9 7 2 -21823935.000000
ratio: 0.000000 stable count: 6
Time: 6.440000
Gen:17
0.485606,0.498928,0.0154659,0,22.6604,-2.18239e+07
3555.66
0 9 1 -21823935.000000
1 2 1 -21828615.000000
2 1 2 -21823935.000000
3 2 1 -21828615.000000
4 0 2 -21823935.000000
5 4 2 -21823935.000000
6 0 2 -21823935.000000
7 1 2 -21823935.000000
8 6 2 -21831630.000000
9 4 2 -21823935.000000
ratio: 0.000000 stable count: 7
Time: 4.540000
Gen:18
0.485606,0.498928,0.0154659,0,22.6604,-2.18239e+07
2719.02
0 5 2 -21831630.000000
1 0 2 -21831630.000000
2 0 2 -21831630.000000
3 3 1 -21828615.000000
4 2 1 -21823935.000000
5 3 1 -21828615.000000
6 2 1 -21823935.000000
7 3 1 -21828615.000000
8 5 2 -21831630.000000
9 2 1 -21823935.000000
ratio: 0.000000 stable count: 8
Time: 6.370000
Gen:19
0.485606,0.498928,0.0154659,0,22.6604,-2.18239e+07
3188.67
0 7 2 -21828615.000000
1 2 2 -21831630.000000
2 8 2 -21831630.000000
3 2 2 -21831630.000000
4 0 2 -21831630.000000
5 7 2 -21831630.000000
6 7 2 -21828615.000000
7 2 2 -21831630.000000
8 7 2 -21828615.000000
9 7 2 -21828615.000000
ratio: 0.000000 stable count: 9
Time: 5.560000
Gen:20
0.485606,0.498928,0.0154659,0,22.6604,-2.18239e+07
1477.04
0 9 2 -21831630.000000
1 5 2 -21831630.000000
2 9 1 -21828615.000000
3 9 2 -21831630.000000
4 5 2 -21840735.000000
5 8 2 -21831630.000000
6 1 2 -21831630.000000
7 9 2 -21831630.000000
8 4 2 -21831630.000000
9 9 1 -21828615.000000
ratio: 0.000000 stable count: 10
Time: 5.050000
Gen:21
0.485606,0.498928,0.0154659,0,22.6604,-2.18239e+07
3164.43
0 3 2 -21831630.000000
1 0 2 -21831630.000000
2 5 2 -21831630.000000
3 5 2 -21831630.000000
4 5 2 -21831630.000000
5 5 2 -21831630.000000
6 8 2 -21831630.000000
7 5 2 -21831630.000000
8 5 2 -21831630.000000
9 5 2 -21831630.000000
ratio: 0.000000 stable count: 11
Time: 6.480000
Gen:22
0.485606,0.498928,0.0154659,0,22.6604,-2.18239e+07
0
0 0 1 -21831630.000000
1 0 1 -21831630.000000
2 0 1 -21831630.000000
3 1 2 -21831630.000000
4 8 2 -21831630.000000
5 4 2 -21831630.000000
6 3 2 -21831630.000000
7 8 2 -21833845.000000
8 3 2 -21833845.000000
9 4 2 -21831630.000000
ratio: 0.000000 stable count: 12
Time: 4.270000
Gen:23
0.485606,0.498928,0.0154659,0,22.6604,-2.18239e+07
886
0 9 1 -21831630.000000
1 3 2 -21823935.000000
2 2 1 -21831630.000000
3 3 2 -21823935.000000
4 4 1 -21831630.000000
5 0 1 -21831630.000000
6 2 1 -21831630.000000
7 0 1 -21831630.000000
8 3 2 -21823935.000000
9 3 2 -21823935.000000
ratio: 0.000000 stable count: 13
Time: 5.790000
Gen:24
0.485606,0.498928,0.0154659,0,22.6604,-2.18239e+07
3769.76
0 9 2 -21823935.000000
1 5 2 -21831630.000000
2 8 2 -21831630.000000
3 5 1 -21831630.000000
4 9 2 -21823935.000000
5 4 2 -21831630.000000
6 1 2 -21833845.000000
7 5 1 -21831630.000000
8 5 2 -21831630.000000
9 8 2 -21831630.000000
ratio: 0.000000 stable count: 14
Time: 9.010000
Gen:25
0.485606,0.498928,0.0154659,0,22.6604,-2.18239e+07
3255.37
0 4 1 -21823935.000000
1 4 1 -21823935.000000
2 9 1 -21831630.000000
3 9 2 -21831630.000000
4 5 2 -21831630.000000
5 5 2 -21831630.000000
6 9 2 -21831630.000000
7 9 1 -21831630.000000
8 3 2 -21831630.000000
9 4 1 -21823935.000000
ratio: 0.000000 stable count: 15
Time: 6.510000
Gen:26
0.485606,0.498928,0.0154659,0,22.6604,-2.18239e+07
3526.29
0 1 1 -21823935.000000
1 0 1 -21823935.000000
2 1 2 -21827840.000000
3 8 2 -21831630.000000
4 1 1 -21823935.000000
5 0 1 -21823935.000000
6 1 2 -21827840.000000
7 1 1 -21823935.000000
8 0 1 -21823935.000000
9 1 2 -21827840.000000
ratio: 0.000000 stable count: 16
Time: 3.940000
Gen:27
0.485606,0.498928,0.0154659,0,22.6604,-2.18239e+07
2593.94
0 3 2 -21831630.000000
1 5 1 -21823935.000000
2 4 2 -21833845.000000
3 5 2 -21831630.000000
4 6 2 -21831630.000000
5 5 1 -21823935.000000
6 9 2 -21833845.000000
7 1 2 -21831630.000000
8 1 2 -21831630.000000
9 5 1 -21823935.000000
ratio: 0.000000 stable count: 17
Time: 7.510000
Gen:28
0.485606,0.498928,0.0154659,0,22.6604,-2.18239e+07
3907.05
0 0 2 -21831630.000000
1 3 2 -21831630.000000
2 4 2 -21831630.000000
3 5 2 -21823935.000000
4 3 1 -21831630.000000
5 0 2 -21823935.000000
6 5 2 -21823935.000000
7 5 2 -21823935.000000
8 4 2 -21831630.000000
9 3 1 -21831630.000000
ratio: 0.000000 stable count: 18
Time: 8.130000
Gen:29
0.485606,0.498928,0.0154659,0,22.6604,-2.18239e+07
3769.76
0 7 2 -21831630.000000
1 9 2 -21831630.000000
2 5 2 -21831630.000000
3 5 2 -21831630.000000
4 5 2 -21831630.000000
5 5 2 -21831630.000000
6 3 2 -21831630.000000
7 9 2 -21831630.000000
8 5 2 -21831630.000000
9 3 2 -21831630.000000
ratio: 0.000000 stable count: 19
Time: 5.400000
Gen:30
0.485606,0.498928,0.0154659,0,22.6604,-2.18239e+07
0
0 3 2 -21831630.000000
1 2 1 -21831630.000000
2 4 2 -21831630.000000
3 4 2 -21831630.000000
4 0 2 -21831630.000000
5 7 1 -21831630.000000
6 3 2 -21831630.000000
7 7 1 -21831630.000000
8 5 1 -21831630.000000
9 0 2 -21831630.000000
ratio: 0.000000 stable count: 20
Time: 4.900000
Gen:31
0.485606,0.498928,0.0154659,0,22.6604,-2.18239e+07
0
0 4 2 -21831630.000000
1 7 2 -21831630.000000
2 2 1 -21831630.000000
3 6 2 -21833845.000000
4 9 2 -21831630.000000
5 2 1 -21831630.000000
6 3 2 -21833845.000000
7 2 2 -21831630.000000
8 0 2 -21831630.000000
9 7 2 -21831630.000000
ratio: 0.000000 stable count: 21
Time: 4.470000
Gen:32
0.485606,0.498928,0.0154659,0,22.6604,-2.18239e+07
886
0 1 2 -21823935.000000
1 2 2 -21823935.000000
2 2 2 -21823935.000000
3 5 2 -21823935.000000
4 2 2 -21823935.000000
5 5 2 -21823935.000000
6 2 2 -21823935.000000
7 5 2 -21823935.000000
8 4 2 -21833845.000000
9 2 2 -21823935.000000
ratio: 0.000000 stable count: 22
Time: 6.930000
Gen:33
0.485606,0.498928,0.0154659,0,22.6604,-2.18239e+07
2973
0 6 2 -21823935.000000
1 6 2 -21823935.000000
2 5 2 -21823935.000000
3 6 1 -21823935.000000
4 6 1 -21823935.000000
5 5 2 -21831630.000000
6 6 1 -21823935.000000
7 0 1 -21823935.000000
8 7 2 -21831630.000000
9 6 1 -21823935.000000
ratio: 0.000000 stable count: 23
Time: 6.340000
Gen:34
0.485606,0.498928,0.0154659,0,22.6604,-2.18239e+07
3078
0 8 2 -21831630.000000
1 4 2 -21823935.000000
2 4 2 -21823935.000000
3 7 2 -21823935.000000
4 7 2 -21823935.000000
5 4 1 -21823935.000000
6 3 2 -21831630.000000
7 4 1 -21823935.000000
8 3 2 -21831630.000000
9 8 2 -21831630.000000
ratio: 0.000000 stable count: 24
Time: 3.670000
Gen:35
0.485606,0.498928,0.0154659,0,22.6604,-2.18239e+07
3769.76
0 4 2 -21831630.000000
1 1 2 -21831630.000000
2 4 2 -21831630.000000
3 7 2 -21830940.000000
4 7 2 -21830940.000000
5 3 2 -21831630.000000
6 3 2 -21831630.000000
7 1 2 -21831630.000000
8 4 2 -21831630.000000
9 2 2 -21830940.000000
ratio: 0.000000 stable count: 25
Time: 4.170000
Gen:36
0.485606,0.498928,0.0154659,0,22.6604,-2.18239e+07
316.198
0 9 2 -21827040.000000
1 9 2 -21827040.000000
2 9 2 -21827040.000000
3 0 2 -21831630.000000
4 9 2 -21827040.000000
5 9 2 -21827040.000000
6 8 2 -21831630.000000
7 9 2 -21827040.000000
8 1 2 -21831630.000000
9 2 2 -21831630.000000
ratio: 0.000000 stable count: 26
Time: 7.440000
Gen:37
0.485606,0.498928,0.0154659,0,22.6604,-2.18239e+07
2248.63
0 2 2 -21827040.000000
1 1 1 -21827040.000000
2 1 1 -21827040.000000
3 6 2 -21833845.000000
4 5 2 -21827040.000000
5 5 2 -21827040.000000
6 1 1 -21827040.000000
7 8 2 -21831630.000000
8 1 1 -21827040.000000
9 5 2 -21827040.000000
ratio: 0.000000 stable count: 27
Time: 9.090000
Gen:38
0.485606,0.498928,0.0154659,0,22.6604,-2.18239e+07
2332.2
0 8 2 -21827040.000000
1 9 2 -21827040.000000
2 8 2 -21827040.000000
3 8 2 -21827040.000000
4 5 2 -21827040.000000
5 5 2 -21827040.000000
6 5 2 -21827040.000000
7 5 2 -21827040.000000
8 2 2 -21836525.000000
9 8 2 -21827040.000000
ratio: 0.000000 stable count: 28
Time: 5.180000
Gen:39
0.485606,0.498928,0.0154659,0,22.6604,-2.18239e+07
2845.5
0 7 2 -21836525.000000
1 4 2 -21827040.000000
2 9 2 -21827040.000000
3 4 2 -21827040.000000
4 6 1 -21827040.000000
5 6 2 -21827040.000000
6 2 2 -21827040.000000
7 1 1 -21827040.000000
8 6 1 -21827040.000000
9 6 1 -21827040.000000
ratio: 0.000000 stable count: 29
Time: 7.060000
Gen:40
0.485606,0.498928,0.0154659,0,22.6604,-2.18239e+07
2845.5
0 9 1 -21827040.000000
1 9 1 -21827040.000000
2 9 1 -21827040.000000
3 9 1 -21827040.000000
4 8 2 -21827040.000000
5 2 2 -21827040.000000
6 2 2 -21836525.000000
7 9 2 -21836525.000000
8 9 2 -21836525.000000
9 5 2 -21836525.000000
ratio: 0.000000 stable count: 30
Time: 3.920000
Gen:41
0.485606,0.498928,0.0154659,0,22.6604,-2.18239e+07
4646.68
0 1 2 -21827040.000000
1 2 2 -21836525.000000
2 3 2 -21827040.000000
3 3 2 -21827040.000000
4 3 2 -21827040.000000
5 7 2 -21836525.000000
6 2 2 -21827040.000000
7 1 2 -21827040.000000
8 3 2 -21827040.000000
9 1 2 -21827040.000000
ratio: 0.000000 stable count: 31
Time: 4.780000
Gen:42
0.485606,0.498928,0.0154659,0,22.6604,-2.18239e+07
3794
0 7 2 -21836525.000000
1 8 2 -21830940.000000
2 9 1 -21827040.000000
3 9 2 -21836525.000000
4 9 1 -21827040.000000
5 9 1 -21827040.000000
6 9 1 -21827040.000000
7 9 1 -21827040.000000
8 9 1 -21827040.000000
9 3 2 -21836525.000000
ratio: 0.000000 stable count: 32
Time: 4.960000
Gen:43
0.485606,0.498928,0.0154659,0,22.6604,-2.18239e+07
4247.6
0 7 2 -21827040.000000
1 7 2 -21827040.000000
2 2 2 -21827040.000000
3 2 1 -21827040.000000
4 5 2 -21827040.000000
5 7 2 -21827040.000000
6 2 1 -21827040.000000
7 4 2 -21827040.000000
8 2 2 -21827040.000000
9 7 2 -21827040.000000
ratio: 0.000000 stable count: 33
Time: 4.130000
Gen:44
0.485606,0.498928,0.0154659,0,22.6604,-2.18239e+07
0
0 0 2 -21827040.000000
1 9 2 -21827040.000000
2 3 1 -21827040.000000
3 2 2 -21827040.000000
4 0 2 -21827040.000000
5 9 2 -21827040.000000
6 2 2 -21827040.000000
7 1 2 -21827040.000000
8 9 2 -21827040.000000
9 2 2 -21827040.000000
ratio: 0.000000 stable count: 34
Time: 3.480000
Gen:45
0.485606,0.498928,0.0154659,0,22.6604,-2.18239e+07
0
0 0 2 -21827040.000000
1 3 2 -21827040.000000
2 3 2 -21827040.000000
3 3 2 -21827040.000000
4 3 2 -21827040.000000
5 3 2 -21827040.000000
6 3 2 -21827040.000000
7 7 2 -21827040.000000
8 7 2 -21827040.000000
9 0 2 -21827040.000000
ratio: 0.000000 stable count: 35
Time: 3.750000
Gen:46
0.485606,0.498928,0.0154659,0,22.6604,-2.18239e+07
0
0 2 2 -21827040.000000
1 2 2 -21827040.000000
2 5 2 -21827040.000000
3 8 2 -21827040.000000
4 9 2 -21827040.000000
5 8 2 -21827040.000000
6 9 2 -21827040.000000
7 5 2 -21827040.000000
8 5 2 -21827040.000000
9 1 2 -21827040.000000
ratio: 0.000000 stable count: 36
Time: 5.190000
Gen:47
0.485606,0.498928,0.0154659,0,22.6604,-2.18239e+07
0
0 1 2 -21827040.000000
1 2 2 -21827040.000000
2 5 2 -21827040.000000
3 5 2 -21827040.000000
4 2 2 -21827040.000000
5 8 2 -21827040.000000
6 6 1 -21827040.000000
7 1 2 -21827040.000000
8 2 2 -21827040.000000
9 1 2 -21827040.000000
ratio: 0.000000 stable count: 37
Time: 3.660000
Gen:48
0.485606,0.498928,0.0154659,0,22.6604,-2.18239e+07
0
0 4 1 -21827040.000000
1 4 1 -21827040.000000
2 5 2 -21827040.000000
3 5 2 -21827040.000000
4 5 2 -21827040.000000
5 9 2 -21827040.000000
6 0 2 -21827040.000000
7 4 1 -21827040.000000
8 9 2 -21827040.000000
9 4 1 -21827040.000000
ratio: 0.000000 stable count: 38
Time: 3.190000
Gen:49
0.485606,0.498928,0.0154659,0,22.6604,-2.18239e+07
0
0 6 2 -21827040.000000
1 0 2 -21827040.000000
2 5 2 -21827040.000000
3 0 1 -21827040.000000
4 0 1 -21827040.000000
5 0 1 -21827040.000000
6 6 2 -21827040.000000
7 8 1 -21827040.000000
8 4 1 -21827040.000000
9 6 1 -21827040.000000
ratio: 0.000000 stable count: 39
Time: 3.330000
Gen:50
0.485606,0.498928,0.0154659,0,22.6604,-2.18239e+07
0
0 4 1 -21827040.000000
1 2 2 -21827040.000000
2 9 2 -21827040.000000
3 3 2 -21827040.000000
4 8 2 -21827040.000000
5 2 2 -21827040.000000
6 2 1 -21827040.000000
7 8 2 -21827040.000000
8 5 1 -21827040.000000
9 2 1 -21827040.000000
ratio: 0.000000 stable count: 40
Time: 3.780000
Gen:51
0.485606,0.498928,0.0154659,0,22.6604,-2.18239e+07
0
0 1 1 -21827040.000000
1 2 2 -21827040.000000
2 0 1 -21827040.000000
3 4 2 -21827040.000000
4 5 2 -21827040.000000
5 4 2 -21827040.000000
6 4 2 -21827040.000000
7 4 2 -21827040.000000
8 5 2 -21827040.000000
9 2 1 -21835565.000000
ratio: 0.000000 stable count: 41
Time: 6.380000
Gen:52
0.495122,0.493217,0.0116604,0,22.6592,-2.18227e+07
2557.5
0 2 2 -21827040.000000
1 9 2 -21822695.000000
2 6 2 -21827040.000000
3 6 2 -21827040.000000
4 0 2 -21827040.000000
5 9 2 -21828445.000000
6 6 2 -21827040.000000
7 9 2 -21822695.000000
8 0 2 -21827040.000000
9 6 2 -21827040.000000
Time: 5.550000
Gen:53
0.493757,0.492116,0.0141265,0,22.6259,-2.17907e+07
1855.4
0 5 2 -21793210.000000
1 7 2 -21822695.000000
2 5 2 -21793210.000000
3 7 2 -21820125.000000
4 5 2 -21793210.000000
5 7 2 -21820125.000000
6 5 2 -21793210.000000
7 5 2 -21793210.000000
8 8 2 -21827040.000000
9 7 2 -21790670.000000
Time: 7.680000
Gen:54
0.49817,0.492444,0.0093865,0,22.6188,-2.17839e+07
14682.3
0 7 2 -21808160.000000
1 5 2 -21783860.000000
2 5 2 -21783860.000000
3 5 2 -21783860.000000
4 6 2 -21793210.000000
5 7 2 -21793210.000000
6 0 2 -21793210.000000
7 5 2 -21783860.000000
8 0 2 -21793210.000000
9 6 2 -21793210.000000
Time: 15.840000
Gen:55
0.493767,0.497552,0.00868044,0,22.6042,-2.17697e+07
7230.44
0 3 2 -21769735.000000
1 2 2 -21783860.000000
2 3 2 -21769735.000000
3 1 2 -21790455.000000
4 3 2 -21769735.000000
5 3 2 -21769735.000000
6 3 2 -21769735.000000
7 3 2 -21769735.000000
8 3 2 -21769735.000000
9 3 2 -21769735.000000
Time: 11.450000
Gen:56
0.497012,0.492412,0.0105754,0,22.5985,-2.17642e+07
7123.32
0 5 2 -21777690.000000
1 8 2 -21777690.000000
2 8 2 -21777690.000000
3 8 2 -21777690.000000
4 6 2 -21777690.000000
5 6 2 -21764230.000000
6 2 2 -21777690.000000
7 6 2 -21764230.000000
8 6 2 -21764230.000000
9 6 2 -21764230.000000
Time: 10.840000
Gen:57
0.497563,0.491862,0.0105754,0,22.5963,-2.17621e+07
6594.03
0 8 2 -21762110.000000
1 8 2 -21776650.000000
2 9 2 -21777690.000000
3 7 2 -21777690.000000
4 8 2 -21776650.000000
5 9 2 -21777690.000000
6 9 2 -21777690.000000
7 0 1 -21777690.000000
8 8 2 -21762110.000000
9 9 2 -21777690.000000
Time: 13.720000
Gen:58
0.497563,0.491862,0.0105754,0,22.5963,-2.17621e+07
6141.22
0 1 2 -21776650.000000
1 4 2 -21764230.000000
2 4 2 -21764230.000000
3 4 2 -21764230.000000
4 4 2 -21764230.000000
5 8 2 -21762110.000000
6 8 2 -21762110.000000
7 8 2 -21762110.000000
8 1 2 -21776650.000000
9 4 2 -21776650.000000
ratio: 0.000000 stable count: 36
Time: 12.060000
Gen:59
0.497563,0.491862,0.0105754,0,22.5963,-2.17621e+07
6170.67
0 4 1 -21764230.000000
1 6 1 -21762110.000000
2 5 2 -21775470.000000
3 7 1 -21774405.000000
4 6 1 -21762110.000000
5 3 1 -21764230.000000
6 3 1 -21764230.000000
7 7 1 -21768135.000000
8 7 1 -21768135.000000
9 7 1 -21774405.000000
ratio: 0.000000 stable count: 37
Time: 11.550000
Gen:60
0.495538,0.493861,0.0106013,0,22.5744,-2.1741e+07
4992.63
0 7 2 -21741045.000000
1 7 2 -21774430.000000
2 7 2 -21741045.000000
3 7 2 -21741045.000000
4 8 1 -21768135.000000
5 8 1 -21768135.000000
6 8 1 -21768135.000000
7 5 2 -21775430.000000
8 7 2 -21741045.000000
9 7 2 -21766235.000000
Time: 14.860000
Gen:61
0.498071,0.493409,0.0085195,0,22.5642,-2.17312e+07
14482.5
0 8 2 -21755735.000000
1 3 2 -21757450.000000
2 9 2 -21759245.000000
3 0 2 -21731220.000000
4 2 2 -21759245.000000
5 0 2 -21757450.000000
6 8 2 -21755735.000000
7 2 1 -21764665.000000
8 9 2 -21759245.000000
9 0 2 -21757450.000000
Time: 19.580000
Gen:62
0.498071,0.493409,0.0085195,0,22.5642,-2.17312e+07
8523.57
0 3 2 -21747580.000000
1 3 2 -21747580.000000
2 3 2 -21731220.000000
3 3 2 -21747580.000000
4 3 2 -21751295.000000
5 3 2 -21747580.000000
6 3 2 -21731220.000000
7 3 2 -21751040.000000
8 3 2 -21751295.000000
9 3 2 -21747580.000000
ratio: 0.000000 stable count: 36
Time: 18.730000
Gen:63
0.495065,0.497116,0.00781862,0,22.5346,-2.17028e+07
7260.98
0 9 2 -21713150.000000
1 5 2 -21713150.000000
2 5 2 -21713150.000000
3 5 2 -21713150.000000
4 9 2 -21702770.000000
5 9 2 -21713150.000000
6 5 2 -21713150.000000
7 9 2 -21713150.000000
8 1 2 -21713150.000000
9 9 2 -21713150.000000
Time: 15.680000
Gen:64
0.495065,0.497116,0.00781862,0,22.5346,-2.17028e+07
3114
0 5 2 -21702770.000000
1 5 2 -21702770.000000
2 4 2 -21702770.000000
3 1 2 -21713150.000000
4 4 2 -21702770.000000
5 5 2 -21702770.000000
6 4 2 -21702770.000000
7 4 2 -21702770.000000
8 4 2 -21702770.000000
9 8 2 -21713150.000000
ratio: 0.000000 stable count: 36
Time: 10.410000
Gen:65
0.495065,0.497116,0.00781862,0,22.5346,-2.17028e+07
4152
0 4 2 -21702770.000000
1 8 2 -21702770.000000
2 4 2 -21702770.000000
3 6 2 -21702770.000000
4 0 2 -21702770.000000
5 5 2 -21702770.000000
6 6 2 -21702770.000000
7 4 2 -21702770.000000
8 4 2 -21702770.000000
9 5 2 -21702770.000000
ratio: 0.000000 stable count: 37
Time: 7.420000
Gen:66
0.495065,0.497116,0.00781862,0,22.5346,-2.17028e+07
0
0 3 2 -21702770.000000
1 1 2 -21702770.000000
2 3 2 -21702770.000000
3 8 2 -21702770.000000
4 9 2 -21702770.000000
5 9 2 -21702770.000000
6 8 2 -21702770.000000
7 3 2 -21702770.000000
8 5 2 -21702770.000000
9 9 2 -21702770.000000
ratio: 0.000000 stable count: 38
Time: 4.640000
Gen:67
0.495065,0.497116,0.00781862,0,22.5346,-2.17028e+07
0
0 4 2 -21702770.000000
1 4 2 -21702770.000000
2 4 2 -21702770.000000
3 6 2 -21702770.000000
4 6 1 -21702770.000000
5 4 2 -21702770.000000
6 6 1 -21702770.000000
7 5 1 -21702770.000000
8 7 2 -21702770.000000
9 4 2 -21702770.000000
ratio: 0.000000 stable count: 39
Time: 5.020000
Gen:68
0.495065,0.497116,0.00781862,0,22.5346,-2.17028e+07
0
0 0 1 -21702770.000000
1 1 2 -21702770.000000
2 1 2 -21702770.000000
3 3 1 -21702770.000000
4 1 2 -21702770.000000
5 4 2 -21702770.000000
6 4 2 -21702770.000000
7 4 2 -21702770.000000
8 0 1 -21702770.000000
9 1 2 -21702770.000000
ratio: 0.000000 stable count: 40
Time: 4.200000
Gen:69
0.495065,0.497116,0.00781862,0,22.5346,-2.17028e+07
0
0 5 2 -21702770.000000
1 5 2 -21702770.000000
2 4 2 -21702770.000000
3 0 2 -21702770.000000
4 6 2 -21702770.000000
5 5 2 -21702770.000000
6 5 2 -21702770.000000
7 6 2 -21702770.000000
8 4 2 -21702770.000000
9 5 2 -21702770.000000
ratio: 0.000000 stable count: 41
Time: 4.320000
Gen:70
0.495065,0.497116,0.00781862,0,22.5346,-2.17028e+07
0
0 5 2 -21702770.000000
1 8 2 -21702770.000000
2 2 1 -21702770.000000
3 4 1 -21702770.000000
4 1 2 -21702770.000000
5 1 2 -21702770.000000
6 3 2 -21702770.000000
7 4 1 -21702770.000000
8 1 2 -21702770.000000
9 5 2 -21702770.000000
ratio: 0.000000 stable count: 42
Time: 4.720000
Gen:71
0.495065,0.497116,0.00781862,0,22.5346,-2.17028e+07
0
0 8 2 -21702770.000000
1 4 1 -21702770.000000
2 5 1 -21702770.000000
3 3 2 -21702770.000000
4 4 2 -21702770.000000
5 5 1 -21702770.000000
6 5 1 -21708165.000000
7 4 1 -21702770.000000
8 4 2 -21702770.000000
9 5 1 -21702770.000000
ratio: 0.000000 stable count: 43
Time: 5.260000
Gen:72
0.495065,0.497116,0.00781862,0,22.5346,-2.17028e+07
1618.5
0 4 2 -21702770.000000
1 3 2 -21702770.000000
2 9 2 -21702770.000000
3 9 2 -21702770.000000
4 2 2 -21702770.000000
5 2 2 -21702770.000000
6 9 2 -21702770.000000
7 2 2 -21702770.000000
8 7 2 -21702770.000000
9 4 2 -21702770.000000
ratio: 0.000000 stable count: 44
Time: 5.610000
Gen:73
0.495065,0.497116,0.00781862,0,22.5346,-2.17028e+07
0
0 5 2 -21702770.000000
1 9 1 -21702770.000000
2 1 2 -21702770.000000
3 6 2 -21702770.000000
4 1 2 -21702770.000000
5 9 1 -21702770.000000
6 1 2 -21702770.000000
7 3 2 -21702770.000000
8 3 2 -21702770.000000
9 7 2 -21702770.000000
ratio: 0.000000 stable count: 45
Time: 3.290000
Gen:74
0.495065,0.497116,0.00781862,0,22.5346,-2.17028e+07
0
0 0 1 -21702770.000000
1 3 2 -21713150.000000
2 6 2 -21702770.000000
3 6 2 -21702770.000000
4 8 2 -21702770.000000
5 8 2 -21702770.000000
6 0 2 -21713150.000000
7 8 2 -21702770.000000
8 8 2 -21702770.000000
9 6 2 -21702770.000000
ratio: 0.000000 stable count: 46
Time: 3.070000
Gen:75
0.495065,0.497116,0.00781862,0,22.5346,-2.17028e+07
4152
0 2 2 -21702770.000000
1 2 2 -21702770.000000
2 2 2 -21702770.000000
3 5 2 -21702770.000000
4 4 2 -21702770.000000
5 3 2 -21702770.000000
6 4 2 -21702770.000000
7 5 2 -21702770.000000
8 2 2 -21702770.000000
9 7 2 -21702770.000000
ratio: 0.000000 stable count: 47
Time: 1.930000
Gen:76
0.495065,0.497116,0.00781862,0,22.5346,-2.17028e+07
0
0 8 2 -21702770.000000
1 5 2 -21702770.000000
2 0 2 -21702770.000000
3 6 1 -21702770.000000
4 8 2 -21702770.000000
5 8 2 -21702770.000000
6 5 2 -21702770.000000
7 6 1 -21702770.000000
8 9 2 -21702770.000000
9 0 2 -21702770.000000
ratio: 0.000000 stable count: 48
Time: 2.480000
Gen:77
0.495065,0.497116,0.00781862,0,22.5346,-2.17028e+07
0
0 3 2 -21702770.000000
1 8 2 -21702770.000000
2 0 2 -21702770.000000
3 8 2 -21702770.000000
4 8 2 -21702770.000000
5 3 2 -21702770.000000
6 0 2 -21702770.000000
7 0 2 -21702770.000000
8 0 2 -21702770.000000
9 7 2 -21713150.000000
ratio: 0.000000 stable count: 49
Time: 2.740000
Gen:78
0.495065,0.497116,0.00781862,0,22.5346,-2.17028e+07
3114
0 1 2 -21702770.000000
1 1 2 -21702770.000000
2 1 2 -21702770.000000
3 2 1 -21702770.000000
4 1 2 -21702770.000000
5 8 1 -21712560.000000
6 2 2 -21702770.000000
7 0 2 -21702770.000000
8 3 2 -21702770.000000
9 1 2 -21702770.000000
ratio: 0.000000 stable count: 50
Time: 3.370000
Gen:79
0.495065,0.497116,0.00781862,0,22.5346,-2.17028e+07
2937
0 7 1 -21702770.000000
1 4 1 -21702770.000000
2 0 2 -21702770.000000
3 0 2 -21702770.000000
4 3 2 -21702770.000000
5 9 1 -21702770.000000
6 9 2 -21702770.000000
7 7 2 -21702770.000000
8 9 2 -21702770.000000
9 9 1 -21702770.000000
ratio: 0.000000 stable count: 51
Time: 4.760000
Gen:80
0.495065,0.497116,0.00781862,0,22.5346,-2.17028e+07
0
0 5 2 -21702770.000000
1 7 2 -21702770.000000
2 5 2 -21702770.000000
3 5 2 -21702770.000000
4 3 2 -21702770.000000
5 7 2 -21702770.000000
6 3 2 -21702770.000000
7 2 2 -21702770.000000
8 5 2 -21702770.000000
9 0 2 -21702770.000000
ratio: 0.000000 stable count: 52
Time: 2.250000
Gen:81
0.495065,0.497116,0.00781862,0,22.5346,-2.17028e+07
0
0 2 1 -21702770.000000
1 1 2 -21702770.000000
2 2 1 -21702770.000000
3 7 2 -21702770.000000
4 0 1 -21702770.000000
5 1 2 -21702770.000000
6 1 2 -21702770.000000
7 6 2 -21702770.000000
8 1 2 -21702770.000000
9 1 2 -21702770.000000
ratio: 0.000000 stable count: 53
Time: 3.510000
Gen:82
0.495065,0.497116,0.00781862,0,22.5346,-2.17028e+07
0
0 8 2 -21702770.000000
1 1 2 -21702770.000000
2 2 2 -21702770.000000
3 6 2 -21702770.000000
4 6 2 -21702770.000000
5 8 2 -21702770.000000
6 8 2 -21702770.000000
7 6 2 -21702770.000000
8 2 2 -21702770.000000
9 0 2 -21702770.000000
ratio: 0.000000 stable count: 54
Time: 1.860000
Gen:83
0.495065,0.497116,0.00781862,0,22.5346,-2.17028e+07
0
0 5 2 -21702770.000000
1 3 1 -21702770.000000
2 8 2 -21702770.000000
3 3 2 -21702770.000000
4 3 2 -21702770.000000
5 3 2 -21702770.000000
6 5 2 -21702770.000000
7 3 2 -21702770.000000
8 3 2 -21702770.000000
9 3 2 -21702770.000000
ratio: 0.000000 stable count: 55
Time: 2.360000
Gen:84
0.495065,0.497116,0.00781862,0,22.5346,-2.17028e+07
0
0 7 2 -21702770.000000
1 7 2 -21702770.000000
2 1 2 -21702770.000000
3 7 2 -21702770.000000
4 2 2 -21702770.000000
5 0 1 -21702770.000000
6 4 1 -21702770.000000
7 5 2 -21702770.000000
8 3 2 -21702770.000000
9 2 2 -21702770.000000
ratio: 0.000000 stable count: 56
Time: 2.660000
Gen:85
0.495065,0.497116,0.00781862,0,22.5346,-2.17028e+07
0
0 6 2 -21702770.000000
1 8 2 -21702770.000000
2 9 2 -21702770.000000
3 1 2 -21702770.000000
4 9 2 -21702770.000000
5 3 2 -21702770.000000
6 9 1 -21702770.000000
7 5 2 -21702770.000000
8 9 2 -21702770.000000
9 7 1 -21702770.000000
ratio: 0.000000 stable count: 57
Time: 2.400000
Gen:86
0.495065,0.497116,0.00781862,0,22.5346,-2.17028e+07
0
0 7 2 -21702770.000000
1 2 2 -21702770.000000
2 3 2 -21702770.000000
3 3 2 -21702770.000000
4 1 2 -21702770.000000
5 3 2 -21702770.000000
6 7 2 -21702770.000000
7 3 2 -21702770.000000
8 6 1 -21702770.000000
9 1 2 -21702770.000000
ratio: 0.000000 stable count: 58
Time: 2.410000
Gen:87
0.495065,0.497116,0.00781862,0,22.5346,-2.17028e+07
0
0 0 1 -21702770.000000
1 2 1 -21706745.000000
2 7 2 -21713150.000000
3 0 1 -21702770.000000
4 1 1 -21712445.000000
5 3 1 -21702770.000000
6 0 2 -21702770.000000
7 7 2 -21702770.000000
8 3 1 -21702770.000000
9 3 1 -21702770.000000
ratio: 0.000000 stable count: 59
Time: 2.430000
Gen:88
0.495065,0.497116,0.00781862,0,22.5346,-2.17028e+07
3992.58
0 5 2 -21702770.000000
1 7 2 -21702770.000000
2 5 1 -21702770.000000
3 5 2 -21702770.000000
4 3 2 -21702770.000000
5 8 1 -21702770.000000
6 5 1 -21702770.000000
7 9 2 -21702770.000000
8 9 2 -21702770.000000
9 9 2 -21702770.000000
ratio: 0.000000 stable count: 60
Time: 6.930000
Gen:89
0.495065,0.497116,0.00781862,0,22.5346,-2.17028e+07
0
0 7 2 -21702770.000000
1 4 1 -21702770.000000
2 6 2 -21702770.000000
3 4 1 -21702770.000000
4 4 2 -21702770.000000
5 0 2 -21702770.000000
6 8 1 -21702770.000000
7 1 2 -21702770.000000
8 8 2 -21702770.000000
9 7 2 -21702770.000000
ratio: 0.000000 stable count: 61
Time: 1.820000
Gen:90
0.495065,0.497116,0.00781862,0,22.5346,-2.17028e+07
0
0 8 2 -21702770.000000
1 1 2 -21702770.000000
2 7 2 -21702770.000000
3 9 2 -21702770.000000
4 7 2 -21702770.000000
5 0 2 -21702770.000000
6 5 2 -21702770.000000
7 3 2 -21702770.000000
8 9 2 -21702770.000000
9 5 2 -21702770.000000
ratio: 0.000000 stable count: 62
Time: 1.770000
Gen:91
0.495065,0.497116,0.00781862,0,22.5346,-2.17028e+07
0
0 0 2 -21702770.000000
1 6 2 -21702770.000000
2 0 2 -21702770.000000
3 6 2 -21702770.000000
4 6 2 -21702770.000000
5 5 2 -21702770.000000
6 4 1 -21702770.000000
7 6 2 -21702770.000000
8 8 2 -21702770.000000
9 3 1 -21702770.000000
ratio: 0.000000 stable count: 63
Time: 2.200000
Gen:92
0.495065,0.497116,0.00781862,0,22.5346,-2.17028e+07
0
0 2 2 -21702770.000000
1 2 2 -21702770.000000
2 7 2 -21702770.000000
3 2 2 -21702770.000000
4 7 2 -21702770.000000
5 5 2 -21702770.000000
6 7 2 -21702770.000000
7 5 2 -21702770.000000
8 7 2 -21702770.000000
9 7 2 -21702770.000000
ratio: 0.000000 stable count: 64
Time: 2.280000
Gen:93
0.495065,0.497116,0.00781862,0,22.5346,-2.17028e+07
0
0 6 2 -21702770.000000
1 2 2 -21702770.000000
2 7 2 -21702770.000000
3 2 2 -21702770.000000
4 3 2 -21713150.000000
5 3 2 -21702770.000000
6 3 2 -21702770.000000
7 7 2 -21702770.000000
8 5 1 -21702770.000000
9 6 2 -21702770.000000
ratio: 0.000000 stable count: 65
Time: 1.700000
Gen:94
0.495065,0.497116,0.00781862,0,22.5346,-2.17028e+07
3114
0 7 2 -21702770.000000
1 7 2 -21702770.000000
2 7 2 -21702770.000000
3 8 2 -21702770.000000
4 3 2 -21702770.000000
5 7 2 -21702770.000000
6 8 2 -21702770.000000
7 8 2 -21702770.000000
8 2 2 -21713150.000000
9 7 2 -21702770.000000
ratio: 0.000000 stable count: 66
Time: 2.540000
Gen:95
0.495065,0.497116,0.00781862,0,22.5346,-2.17028e+07
3114
0 4 2 -21702770.000000
1 9 2 -21702770.000000
2 5 2 -21702770.000000
3 9 2 -21702770.000000
4 2 2 -21702770.000000
5 2 2 -21702770.000000
6 3 2 -21702770.000000
7 3 2 -21702770.000000
8 5 2 -21702770.000000
9 3 2 -21702770.000000
ratio: 0.000000 stable count: 67
Time: 2.350000
Gen:96
0.495065,0.497116,0.00781862,0,22.5346,-2.17028e+07
0
0 9 1 -21706745.000000
1 7 2 -21713150.000000
2 9 2 -21702770.000000
3 8 2 -21702770.000000
4 8 2 -21702770.000000
5 1 2 -21702770.000000
6 9 2 -21702770.000000
7 3 2 -21702770.000000
8 1 2 -21702770.000000
9 3 2 -21702770.000000
ratio: 0.000000 stable count: 68
Time: 1.870000
Gen:97
0.495065,0.497116,0.00781862,0,22.5346,-2.17028e+07
3208.4
0 7 1 -21702770.000000
1 5 2 -21702770.000000
2 8 2 -21702770.000000
3 6 2 -21702770.000000
4 6 2 -21702770.000000
5 8 2 -21702770.000000
6 4 2 -21713150.000000
7 8 2 -21702770.000000
8 1 2 -21702770.000000
9 2 2 -21713150.000000
ratio: 0.000000 stable count: 69
Time: 3.910000
Gen:98
0.495065,0.497116,0.00781862,0,22.5346,-2.17028e+07
4152
0 4 2 -21702770.000000
1 2 2 -21702770.000000
2 7 2 -21702770.000000
3 9 2 -21702770.000000
4 2 2 -21702770.000000
5 1 1 -21702770.000000
6 6 2 -21702770.000000
7 1 2 -21702770.000000
8 3 2 -21702770.000000
9 1 2 -21702770.000000
ratio: 0.000000 stable count: 70
Time: 2.950000
Gen:99
0.495065,0.497116,0.00781862,0,22.5346,-2.17028e+07
0
0 4 1 -21702770.000000
1 8 1 -21702770.000000
2 8 1 -21702770.000000
3 4 1 -21702770.000000
4 0 2 -21702770.000000
5 4 2 -21702770.000000
6 4 1 -21702770.000000
7 0 2 -21702770.000000
8 4 1 -21702770.000000
9 0 2 -21702770.000000
ratio: 0.000000 stable count: 71
Time: 1.280000
Gen:100
0.495065,0.497116,0.00781862,0,22.5346,-2.17028e+07
0
0 8 1 -21702770.000000
1 4 2 -21702770.000000
2 1 2 -21702770.000000
3 8 1 -21702770.000000
4 4 2 -21702770.000000
5 4 2 -21702770.000000
6 7 2 -21702770.000000
7 3 2 -21702770.000000
8 8 1 -21702770.000000
9 9 2 -21702770.000000
ratio: 0.000000 stable count: 72
Time: 4.510000
Gen:101
0.495065,0.497116,0.00781862,0,22.5346,-2.17028e+07
0
0 7 1 -21702770.000000
1 0 2 -21702770.000000
2 4 2 -21702770.000000
3 9 2 -21702770.000000
4 4 2 -21702770.000000
5 9 2 -21702770.000000
6 7 1 -21702770.000000
7 4 2 -21702770.000000
8 4 2 -21702770.000000
9 2 1 -21702770.000000
ratio: 0.000000 stable count: 73
Time: 2.640000
Gen:102
0.495065,0.497116,0.00781862,0,22.5346,-2.17028e+07
0
0 6 1 -21702770.000000
1 0 2 -21702770.000000
2 1 2 -21702770.000000
3 1 2 -21702770.000000
4 6 2 -21702770.000000
5 7 2 -21702770.000000
6 6 1 -21702770.000000
7 5 2 -21702770.000000
8 1 2 -21702770.000000
9 5 2 -21702770.000000
ratio: 0.000000 stable count: 74
Time: 2.760000
Gen:103
0.495065,0.497116,0.00781862,0,22.5346,-2.17028e+07
0
0 8 2 -21702770.000000
1 9 2 -21702770.000000
2 9 1 -21702770.000000
3 2 2 -21702770.000000
4 9 2 -21702770.000000
5 1 1 -21702770.000000
6 8 2 -21702770.000000
7 9 2 -21702770.000000
8 9 2 -21702770.000000
9 1 1 -21702770.000000
ratio: 0.000000 stable count: 75
Time: 3.860000
Gen:104
0.495065,0.497116,0.00781862,0,22.5346,-2.17028e+07
0
0 5 2 -21702770.000000
1 2 2 -21702770.000000
2 1 1 -21702770.000000
3 8 2 -21702770.000000
4 9 2 -21702770.000000
5 9 2 -21702770.000000
6 5 2 -21702770.000000
7 5 2 -21702770.000000
8 8 2 -21702770.000000
9 9 2 -21702770.000000
ratio: 0.000000 stable count: 76
Time: 3.410000
Gen:105
0.495065,0.497116,0.00781862,0,22.5346,-2.17028e+07
0
0 4 2 -21702770.000000
1 2 2 -21702770.000000
2 4 2 -21702770.000000
3 7 2 -21702770.000000
4 8 2 -21702770.000000
5 3 2 -21702770.000000
6 3 2 -21702770.000000
7 4 2 -21702770.000000
8 9 2 -21702770.000000
9 2 2 -21702770.000000
ratio: 0.000000 stable count: 77
Time: 3.510000
Gen:106
0.495065,0.497116,0.00781862,0,22.5346,-2.17028e+07
0
0 7 2 -21702770.000000
1 8 2 -21702770.000000
2 8 2 -21702770.000000
3 8 2 -21702770.000000
4 1 2 -21702770.000000
5 1 2 -21702770.000000
6 1 2 -21702770.000000
7 8 2 -21702770.000000
8 7 2 -21702770.000000
9 8 2 -21702770.000000
ratio: 0.000000 stable count: 78
Time: 3.120000
Gen:107
0.495065,0.497116,0.00781862,0,22.5346,-2.17028e+07
0
0 8 2 -21702770.000000
1 8 2 -21702770.000000
2 8 2 -21702770.000000
3 3 2 -21702770.000000
4 3 2 -21702770.000000
5 8 2 -21702770.000000
6 8 2 -21702770.000000
7 4 2 -21702770.000000
8 8 2 -21702770.000000
9 8 2 -21702770.000000
ratio: 0.000000 stable count: 79
Time: 3.830000
Gen:108
0.495065,0.497116,0.00781862,0,22.5346,-2.17028e+07
0
0 8 2 -21702770.000000
1 9 2 -21702770.000000
2 9 2 -21702770.000000
3 5 2 -21702770.000000
4 9 2 -21702770.000000
5 2 2 -21702770.000000
6 8 2 -21702770.000000
7 8 2 -21702770.000000
8 1 2 -21702770.000000
9 1 2 -21702770.000000
ratio: 0.000000 stable count: 80
Time: 3.310000
Gen:109
0.495065,0.497116,0.00781862,0,22.5346,-2.17028e+07
0
0 4 2 -21702770.000000
1 2 2 -21702770.000000
2 0 2 -21702770.000000
3 0 2 -21702770.000000
4 6 2 -21702770.000000
5 9 2 -21702770.000000
6 2 2 -21702770.000000
7 9 2 -21702770.000000
8 2 2 -21702770.000000
9 4 2 -21702770.000000
ratio: 0.000000 stable count: 81
Time: 3.760000
Gen:110
0.495065,0.497116,0.00781862,0,22.5346,-2.17028e+07
0
0 9 2 -21702770.000000
1 9 2 -21702770.000000
2 9 2 -21702770.000000
3 8 1 -21702770.000000
4 5 2 -21702770.000000
5 2 2 -21702770.000000
6 4 2 -21702770.000000
7 6 2 -21702770.000000
8 3 2 -21702770.000000
9 6 2 -21702770.000000
ratio: 0.000000 stable count: 82
Time: 3.600000
Gen:111
0.495065,0.497116,0.00781862,0,22.5346,-2.17028e+07
0
0 5 2 -21702770.000000
1 5 2 -21702770.000000
2 5 2 -21702770.000000
3 1 2 -21702770.000000
4 5 2 -21713150.000000
5 5 2 -21702770.000000
6 5 2 -21702770.000000
7 6 2 -21702770.000000
8 3 2 -21702770.000000
9 6 2 -21702770.000000
ratio: 0.000000 stable count: 83
Time: 2.630000
Gen:112
0.495065,0.497116,0.00781862,0,22.5346,-2.17028e+07
3114
0 5 2 -21702770.000000
1 2 2 -21702770.000000
2 2 2 -21702770.000000
3 8 2 -21702770.000000
4 2 2 -21702770.000000
5 5 2 -21702770.000000
6 6 2 -21702770.000000
7 2 2 -21702770.000000
8 5 2 -21702770.000000
9 2 2 -21702770.000000
ratio: 0.000000 stable count: 84
Time: 4.550000
Gen:113
0.495065,0.497116,0.00781862,0,22.5346,-2.17028e+07
0
0 0 2 -21702770.000000
1 0 1 -21702770.000000
2 3 2 -21702770.000000
3 6 2 -21702770.000000
4 9 2 -21702770.000000
5 0 1 -21702770.000000
6 9 2 -21702770.000000
7 3 2 -21702770.000000
8 2 2 -21702770.000000
9 3 2 -21702770.000000
ratio: 0.000000 stable count: 85
Time: 3.030000
Gen:114
0.495065,0.497116,0.00781862,0,22.5346,-2.17028e+07
0
0 4 1 -21702770.000000
1 6 2 -21702770.000000
2 6 2 -21702770.000000
3 6 1 -21702770.000000
4 3 2 -21702770.000000
5 6 2 -21702770.000000
6 4 2 -21702770.000000
7 6 2 -21702770.000000
8 5 2 -21702770.000000
9 3 2 -21702770.000000
ratio: 0.000000 stable count: 86
Time: 2.880000
Gen:115
0.495065,0.497116,0.00781862,0,22.5346,-2.17028e+07
0
0 0 2 -21702770.000000
1 7 2 -21702770.000000
2 6 2 -21702770.000000
3 9 2 -21702770.000000
4 8 1 -21702770.000000
5 9 2 -21702770.000000
6 5 2 -21702770.000000
7 5 2 -21702770.000000
8 9 1 -21702770.000000
9 7 2 -21702770.000000
ratio: 0.000000 stable count: 87
Time: 2.130000
Gen:116
0.495065,0.497116,0.00781862,0,22.5346,-2.17028e+07
0
0 0 2 -21702770.000000
1 7 2 -21702770.000000
2 7 2 -21702770.000000
3 7 2 -21702770.000000
4 3 1 -21702770.000000
5 8 2 -21702770.000000
6 3 2 -21702770.000000
7 7 2 -21702770.000000
8 7 2 -21702770.000000
9 4 2 -21702770.000000
ratio: 0.000000 stable count: 88
Time: 3.110000
Gen:117
0.495065,0.497116,0.00781862,0,22.5346,-2.17028e+07
0
0 8 2 -21702770.000000
1 5 2 -21702770.000000
2 6 1 -21702770.000000
3 6 2 -21702770.000000
4 0 2 -21702770.000000
5 6 1 -21702770.000000
6 8 2 -21702770.000000
7 5 2 -21702770.000000
8 7 2 -21702770.000000
9 8 2 -21702770.000000
ratio: 0.000000 stable count: 89
Time: 3.110000
Gen:118
0.495065,0.497116,0.00781862,0,22.5346,-2.17028e+07
0
0 2 1 -21702770.000000
1 2 1 -21702770.000000
2 0 2 -21702770.000000
3 9 2 -21702770.000000
4 1 2 -21702770.000000
5 7 1 -21702770.000000
6 6 2 -21702770.000000
7 2 1 -21702770.000000
8 7 1 -21702770.000000
9 0 2 -21702770.000000
ratio: 0.000000 stable count: 90
Time: 1.990000
Gen:119
0.495065,0.497116,0.00781862,0,22.5346,-2.17028e+07
0
0 5 2 -21702770.000000
1 0 1 -21702770.000000
2 7 2 -21702770.000000
3 7 2 -21702770.000000
4 3 2 -21702770.000000
5 5 2 -21702770.000000
6 0 2 -21702770.000000
7 1 2 -21702770.000000
8 1 2 -21702770.000000
9 1 2 -21702770.000000
ratio: 0.000000 stable count: 91
Time: 2.410000
Gen:120
0.495065,0.497116,0.00781862,0,22.5346,-2.17028e+07
0
0 1 2 -21702770.000000
1 0 2 -21702770.000000
2 3 2 -21702770.000000
3 3 2 -21702770.000000
4 0 2 -21702770.000000
5 1 2 -21702770.000000
6 7 2 -21702770.000000
7 2 2 -21702770.000000
8 1 2 -21702770.000000
9 0 2 -21702770.000000
ratio: 0.000000 stable count: 92
Time: 1.600000
Gen:121
0.495065,0.497116,0.00781862,0,22.5346,-2.17028e+07
0
0 0 2 -21702770.000000
1 0 2 -21702770.000000
2 0 2 -21702770.000000
3 0 2 -21702770.000000
4 7 2 -21702770.000000
5 0 2 -21702770.000000
6 0 2 -21702770.000000
7 0 2 -21702770.000000
8 3 2 -21702770.000000
9 0 2 -21702770.000000
ratio: 0.000000 stable count: 93
Time: 2.180000
Gen:122
0.495065,0.497116,0.00781862,0,22.5346,-2.17028e+07
0
0 1 2 -21702770.000000
1 7 1 -21702770.000000
2 9 2 -21702770.000000
3 1 2 -21702770.000000
4 5 2 -21702770.000000
5 3 2 -21702770.000000
6 4 1 -21702770.000000
7 8 2 -21702770.000000
8 9 2 -21702770.000000
9 1 2 -21702770.000000
ratio: 0.000000 stable count: 94
Time: 1.930000
Gen:123
0.495065,0.497116,0.00781862,0,22.5346,-2.17028e+07
0
0 8 1 -21702770.000000
1 0 2 -21702770.000000
2 6 2 -21702770.000000
3 0 2 -21702770.000000
4 9 2 -21702770.000000
5 9 2 -21702770.000000
6 0 2 -21702770.000000
7 9 2 -21702770.000000
8 1 2 -21702770.000000
9 0 2 -21702770.000000
ratio: 0.000000 stable count: 95
Time: 2.810000
Gen:124
0.495065,0.497116,0.00781862,0,22.5346,-2.17028e+07
0
0 5 1 -21702770.000000
1 7 2 -21702770.000000
2 7 2 -21702770.000000
3 6 2 -21702770.000000
4 9 1 -21708595.000000
5 5 2 -21702770.000000
6 3 1 -21702770.000000
7 7 2 -21702770.000000
8 3 1 -21702770.000000
9 7 2 -21702770.000000
ratio: 0.000000 stable count: 96
Time: 1.990000
Gen:125
0.495065,0.497116,0.00781862,0,22.5346,-2.17028e+07
1747.5
0 9 2 -21702770.000000
1 9 2 -21702770.000000
2 9 1 -21702770.000000
3 5 2 -21702770.000000
4 5 2 -21702770.000000
5 9 2 -21702770.000000
6 8 2 -21702770.000000
7 8 2 -21702770.000000
8 8 2 -21702770.000000
9 7 2 -21702770.000000
ratio: 0.000000 stable count: 97
Time: 4.190000
Gen:126
0.495065,0.497116,0.00781862,0,22.5346,-2.17028e+07
0
0 2 2 -21702770.000000
1 7 2 -21702770.000000
2 0 2 -21702770.000000
3 7 2 -21702770.000000
4 0 2 -21702770.000000
5 4 2 -21702770.000000
6 6 1 -21702770.000000
7 1 2 -21702770.000000
8 0 2 -21702770.000000
9 7 2 -21702770.000000
ratio: 0.000000 stable count: 98
Time: 1.910000
Gen:127
0.495065,0.497116,0.00781862,0,22.5346,-2.17028e+07
0
0 1 2 -21702770.000000
1 0 2 -21702770.000000
2 0 2 -21702770.000000
3 5 2 -21702770.000000
4 5 2 -21702770.000000
5 5 2 -21702770.000000
6 1 2 -21702770.000000
7 3 2 -21702770.000000
8 3 2 -21702770.000000
9 1 2 -21702770.000000
ratio: 0.000000 stable count: 99
Time: 1.840000
Gen:128
0.495065,0.497116,0.00781862,0,22.5346,-2.17028e+07
0
0 8 2 -21702770.000000
1 1 2 -21702770.000000
2 8 2 -21702770.000000
3 7 1 -21702770.000000
4 1 2 -21702770.000000
5 0 2 -21702770.000000
6 2 2 -21702770.000000
7 8 2 -21702770.000000
8 1 2 -21702770.000000
9 6 2 -21702770.000000
ratio: 0.000000 stable count: 100
Time: 1.430000
Gen:129
0.495065,0.497116,0.00781862,0,22.5346,-2.17028e+07
0
0 5 2 -21702770.000000
1 5 2 -21702770.000000
2 5 2 -21702770.000000
3 8 2 -21702770.000000
4 0 1 -21702770.000000
5 5 2 -21702770.000000
6 8 2 -21702770.000000
7 0 1 -21702770.000000
8 8 1 -21702770.000000
9 7 1 -21702770.000000
ratio: 0.000000 stable count: 101
Time: 1.680000
Gen:130
0.495065,0.497116,0.00781862,0,22.5346,-2.17028e+07
0
0 9 1 -21702770.000000
1 3 2 -21702770.000000
2 9 1 -21702770.000000
3 0 2 -21702770.000000
4 0 2 -21702770.000000
5 2 2 -21702770.000000
6 2 2 -21702770.000000
7 4 2 -21702770.000000
8 2 2 -21702770.000000
9 8 2 -21702770.000000
ratio: 0.000000 stable count: 102
Time: 1.590000
Gen:131
0.495065,0.497116,0.00781862,0,22.5346,-2.17028e+07
0
0 5 2 -21702770.000000
1 8 2 -21702770.000000
2 1 2 -21702770.000000
3 5 2 -21702770.000000
4 1 2 -21702770.000000
5 6 2 -21702770.000000
6 6 2 -21702770.000000
7 2 2 -21702770.000000
8 1 2 -21702770.000000
9 1 2 -21702770.000000
ratio: 0.000000 stable count: 103
Time: 2.450000
Gen:132
0.495065,0.497116,0.00781862,0,22.5346,-2.17028e+07
0
0 5 1 -21702770.000000
1 8 2 -21702770.000000
2 4 1 -21713115.000000
3 1 2 -21702770.000000
4 1 2 -21702770.000000
5 5 1 -21702770.000000
6 5 1 -21702770.000000
7 5 1 -21702770.000000
8 8 2 -21702770.000000
9 1 2 -21702770.000000
ratio: 0.000000 stable count: 104
Time: 2.030000
Gen:133
0.495065,0.497116,0.00781862,0,22.5346,-2.17028e+07
3103.5
0 9 1 -21706745.000000
1 8 2 -21702770.000000
2 1 2 -21702770.000000
3 5 2 -21702770.000000
4 8 2 -21702770.000000
5 5 1 -21702770.000000
6 8 2 -21702770.000000
7 5 1 -21702770.000000
8 5 1 -21702770.000000
9 1 2 -21702770.000000
ratio: 0.000000 stable count: 105
Time: 3.900000
Gen:134
0.495065,0.497116,0.00781862,0,22.5346,-2.17028e+07
1192.5
0 7 2 -21702770.000000
1 6 1 -21702770.000000
2 7 2 -21702770.000000
3 8 2 -21702770.000000
4 7 2 -21702770.000000
5 6 1 -21702770.000000
6 2 1 -21702770.000000
7 3 2 -21702770.000000
8 8 2 -21702770.000000
9 8 2 -21702770.000000
ratio: 0.000000 stable count: 106
Time: 3.230000
Gen:135
0.495065,0.497116,0.00781862,0,22.5346,-2.17028e+07
0
