neighborhoodSize:20
run:3
stableCount:20
minFitnessRatio:1e-05
paSm:0.1
routeSetSize:15
popSize:10
elite:2
maxGen:200
pSm:0.5
beta:0.8
pDelete:0.4
maxIter:1
pSwap:1
tFit:200
e:0.7
maxRouteLength:30
minGen:1
prcm:0
minRouteLength:10
minRouteLength:10
 OpATT19.2695
minRputeSize: 10 maxRouteSize: 30
mutation constructed
Initial : -2.23361e+07
0.45834
0.499001
0.0413411
0.00131868
23.1314

-----------------------------------------
Iteration:0 started

Gen:0
0.461278,0.497251,0.0414709,0,23.0584,-2.22072e+07
420249
0 0 2 -22296620.000000
1 0 2 -22207195.000000
2 0 2 -22207195.000000
3 0 2 -22296620.000000
4 0 2 -22207195.000000
5 0 2 -22207195.000000
6 1 2 -22300928.027344
7 0 2 -22207195.000000
8 0 2 -22207195.000000
9 0 2 -22296620.000000
Time: 34.550000
Gen:1
0.475566,0.49438,0.0300545,0,22.9485,-2.21014e+07
44352.4
0 2 0 -22176080.000000
1 1 2 -22101385.000000
2 8 2 -22101385.000000
3 1 2 -22101385.000000
4 1 2 -22101385.000000
5 2 0 -22176080.000000
6 2 0 -22176080.000000
7 8 2 -22101385.000000
8 8 2 -22101385.000000
9 8 2 -22101385.000000
Time: 34.890000
Gen:2
0.472196,0.510163,0.0176412,0,22.8515,-2.20079e+07
34229.5
0 9 2 -22022065.000000
1 1 2 -22007925.000000
2 1 2 -22007925.000000
3 1 2 -22007925.000000
4 9 2 -22022065.000000
5 1 2 -22007925.000000
6 4 2 -22026590.000000
7 4 2 -22026590.000000
8 4 2 -22026590.000000
9 1 2 -22007925.000000
Time: 34.340000
Gen:3
0.476375,0.506217,0.0174076,0,22.7837,-2.19427e+07
8572.04
0 7 2 -21942675.000000
1 7 2 -21942675.000000
2 6 2 -21942675.000000
3 7 2 -21942675.000000
4 7 2 -21942675.000000
5 7 2 -21942675.000000
6 7 2 -21942675.000000
7 7 2 -21942675.000000
8 7 2 -21942675.000000
9 7 2 -21942675.000000
Time: 33.330000
Gen:4
0.477788,0.50453,0.0176828,0,22.7645,-2.19242e+07
0
0 6 0 -21924155.000000
1 6 0 -21924155.000000
2 1 0 -21925775.000000
3 6 0 -21924155.000000
4 6 0 -21924155.000000
5 6 0 -21924155.000000
6 6 0 -21924155.000000
7 0 1 -21925475.000000
8 6 0 -21924155.000000
9 6 0 -21924155.000000
Time: 33.270000
Gen:5
0.477222,0.51064,0.0121381,0,22.7034,-2.18654e+07
591.814
0 9 2 -21865350.000000
1 0 1 -21875690.000000
2 9 2 -21865350.000000
3 9 2 -21865350.000000
4 3 1 -21903155.000000
5 1 0 -21911820.000000
6 9 2 -21865350.000000
7 9 2 -21865350.000000
8 0 1 -21875690.000000
9 0 1 -21875690.000000
Time: 33.550000
Gen:6
0.479615,0.508854,0.0115307,0,22.68,-2.18428e+07
16062.8
0 2 1 -21842785.000000
1 2 1 -21842785.000000
2 2 1 -21842785.000000
3 2 1 -21842785.000000
4 3 2 -21843295.000000
5 3 2 -21843295.000000
6 2 1 -21842785.000000
7 2 1 -21842785.000000
8 2 1 -21842785.000000
9 2 2 -21847175.000000
Time: 33.860000
Gen:7
0.491021,0.495953,0.0130258,0,22.6475,-2.18115e+07
1298.67
0 7 1 -21833550.000000
1 7 1 -21811590.000000
2 5 1 -21811465.000000
3 5 1 -21811465.000000
4 5 1 -21811465.000000
5 1 0 -21828140.000000
6 5 1 -21811465.000000
7 5 1 -21811465.000000
8 5 1 -21811465.000000
9 5 1 -21811465.000000
Time: 34.140000
Gen:8
0.49019,0.497739,0.0120706,0,22.6178,-2.17828e+07
7839.73
0 7 2 -21782850.000000
1 7 2 -21782850.000000
2 2 0 -21794920.000000
3 7 2 -21782850.000000
4 2 0 -21794920.000000
5 7 2 -21782850.000000
6 7 2 -21799810.000000
7 7 2 -21799810.000000
8 7 2 -21782850.000000
9 7 2 -21782850.000000
Time: 35.320000
Gen:9
0.491592,0.497121,0.0112866,0,22.5827,-2.17491e+07
7277.06
0 8 1 -21749085.000000
1 7 1 -21764545.000000
2 7 1 -21765575.000000
3 8 1 -21749085.000000
4 8 1 -21749085.000000
5 8 1 -21749085.000000
6 8 1 -21749085.000000
7 8 1 -21749085.000000
8 7 1 -21764545.000000
9 7 1 -21764545.000000
Time: 35.950000
Gen:10
0.499603,0.490247,0.0101497,0,22.5491,-2.17167e+07
7705.14
0 7 1 -21716705.000000
1 7 1 -21716705.000000
2 7 1 -21716705.000000
3 3 0 -21734750.000000
4 3 1 -21738155.000000
5 3 0 -21734750.000000
6 7 1 -21716705.000000
7 7 1 -21716705.000000
8 4 0 -21738620.000000
9 7 1 -21716705.000000
Time: 36.080000
Gen:11
0.501903,0.487948,0.0101497,0,22.5342,-2.17024e+07
9799.51
0 2 1 -21702370.000000
1 8 1 -21708745.000000
2 8 1 -21708745.000000
3 8 1 -21708745.000000
4 2 1 -21702370.000000
5 2 1 -21702370.000000
6 8 1 -21708745.000000
7 8 1 -21708745.000000
8 2 1 -21702370.000000
9 2 1 -21702370.000000
Time: 36.910000
Gen:12
0.503076,0.488192,0.00873235,0,22.5146,-2.16834e+07
3187.5
0 1 1 -21683435.000000
1 1 1 -21683435.000000
2 1 1 -21683435.000000
3 1 1 -21683435.000000
4 1 1 -21683435.000000
5 1 1 -21684055.000000
6 1 1 -21683435.000000
7 1 1 -21684055.000000
8 1 1 -21684055.000000
9 1 1 -21683435.000000
Time: 37.310000
Gen:13
0.504104,0.487164,0.00873235,0,22.4938,-2.16635e+07
284.12
0 3 1 -21665045.000000
1 3 1 -21665045.000000
2 3 1 -21665045.000000
3 7 1 -21663470.000000
4 7 1 -21663470.000000
5 7 1 -21663470.000000
6 3 1 -21665045.000000
7 7 1 -21663470.000000
8 7 1 -21663470.000000
9 7 1 -21663470.000000
Time: 38.250000
Gen:14
0.505552,0.485715,0.00873235,0,22.4869,-2.16568e+07
771.589
0 7 0 -21656825.000000
1 7 0 -21656825.000000
2 4 0 -21656825.000000
3 7 0 -21656825.000000
4 4 0 -21656825.000000
5 4 0 -21656825.000000
6 4 0 -21656825.000000
7 7 0 -21656825.000000
8 4 0 -21656825.000000
9 4 0 -21656825.000000
Time: 39.640000
Gen:15
0.507209,0.483706,0.00908539,0,22.4767,-2.1647e+07
0
0 5 0 -21647125.000000
1 0 2 -21647000.000000
2 0 2 -21647000.000000
3 5 0 -21647125.000000
4 0 2 -21647000.000000
5 0 2 -21647000.000000
6 0 0 -21650140.000000
7 0 2 -21647000.000000
8 0 2 -21647000.000000
9 0 0 -21650140.000000
Time: 39.820000
Gen:16
0.509285,0.481629,0.00908539,0,22.4653,-2.1636e+07
1244.44
0 5 0 -21636010.000000
1 5 0 -21636010.000000
2 3 0 -21636135.000000
3 5 0 -21636010.000000
4 5 0 -21636010.000000
5 5 0 -21636010.000000
6 3 0 -21636135.000000
7 3 0 -21636135.000000
8 3 0 -21636135.000000
9 5 0 -21636010.000000
Time: 39.910000
Gen:17
0.511455,0.479563,0.00898155,0,22.4565,-2.16276e+07
61.2372
0 8 2 -21627550.000000
1 8 2 -21627550.000000
2 8 2 -21627550.000000
3 8 2 -21627550.000000
4 8 2 -21627550.000000
5 5 1 -21629545.000000
6 2 0 -21630180.000000
7 8 2 -21627550.000000
8 8 2 -21627550.000000
9 8 2 -21627550.000000
Time: 39.910000
Gen:18
0.515079,0.475991,0.00892964,0,22.4396,-2.16112e+07
935.835
0 6 2 -21611195.000000
1 5 0 -21621705.000000
2 6 2 -21611195.000000
3 6 2 -21611195.000000
4 6 2 -21611195.000000
5 6 2 -21611195.000000
6 2 0 -21624475.000000
7 5 0 -21621705.000000
8 6 2 -21611195.000000
9 6 2 -21611195.000000
Time: 40.270000
Gen:19
0.515718,0.475353,0.00892964,0,22.4364,-2.16081e+07
5288
0 0 0 -21608120.000000
1 9 0 -21608120.000000
2 9 0 -21608120.000000
3 9 1 -21608120.000000
4 9 1 -21608120.000000
5 9 0 -21608120.000000
6 9 0 -21608120.000000
7 9 0 -21608120.000000
8 0 0 -21608120.000000
9 9 1 -21608120.000000
Time: 40.540000
Gen:20
0.516689,0.474382,0.00892964,0,22.4315,-2.16034e+07
0
0 8 0 -21604690.000000
1 2 0 -21603445.000000
2 9 0 -21603445.000000
3 9 0 -21603445.000000
4 2 0 -21603445.000000
5 9 0 -21603445.000000
6 9 0 -21603445.000000
7 2 0 -21603445.000000
8 2 0 -21603445.000000
9 2 0 -21603445.000000
Time: 40.860000
Gen:21
0.517426,0.473645,0.00892964,0,22.4264,-2.15986e+07
373.5
0 4 0 -21598575.000000
1 9 0 -21598945.000000
2 4 0 -21598575.000000
3 4 0 -21598575.000000
4 4 0 -21598575.000000
5 9 0 -21598945.000000
6 4 0 -21598575.000000
7 4 0 -21598575.000000
8 9 0 -21598945.000000
9 9 0 -21598945.000000
Time: 41.180000
Gen:22
0.517665,0.473406,0.00892964,0,22.4229,-2.15951e+07
181.262
0 3 0 -21595145.000000
1 2 0 -21595525.000000
2 5 1 -21596125.000000
3 3 0 -21595145.000000
4 5 1 -21596125.000000
5 3 0 -21595145.000000
6 3 0 -21595145.000000
7 3 0 -21595145.000000
8 3 0 -21595145.000000
9 2 0 -21595525.000000
Time: 41.290000
Gen:23
0.518978,0.472092,0.00892964,0,22.415,-2.15876e+07
383.374
0 1 0 -21587550.000000
1 1 0 -21592095.000000
2 1 0 -21587550.000000
3 1 0 -21587550.000000
4 1 0 -21587550.000000
5 8 0 -21592325.000000
6 1 0 -21587550.000000
7 1 0 -21592095.000000
8 1 0 -21592095.000000
9 1 0 -21587550.000000
Time: 41.170000
Gen:24
0.519217,0.471853,0.00892964,0,22.4114,-2.15841e+07
2255.63
0 3 0 -21584120.000000
1 3 0 -21584120.000000
2 3 0 -21584120.000000
3 3 0 -21584120.000000
4 3 0 -21584120.000000
5 3 0 -21584120.000000
6 3 0 -21584120.000000
7 3 0 -21584120.000000
8 3 0 -21584120.000000
9 3 0 -21584120.000000
Time: 41.500000
Gen:25
0.519669,0.471402,0.00892964,0,22.4068,-2.15796e+07
0
0 8 0 -21579620.000000
1 8 0 -21579620.000000
2 7 0 -21583040.000000
3 0 1 -21583200.000000
4 8 0 -21579620.000000
5 8 0 -21579620.000000
6 8 0 -21579620.000000
7 8 0 -21579620.000000
8 5 0 -21583040.000000
9 3 0 -21583350.000000
Time: 41.680000
Gen:26
0.522861,0.468209,0.00892964,0,22.3888,-2.15623e+07
1734.93
0 4 0 -21576800.000000
1 0 1 -21562280.000000
2 0 1 -21562280.000000
3 0 1 -21562280.000000
4 0 1 -21562280.000000
5 0 1 -21562280.000000
6 0 1 -21562280.000000
7 0 1 -21562280.000000
8 0 1 -21562280.000000
9 1 0 -21576800.000000
Time: 41.910000
Gen:27
0.523178,0.467892,0.00892964,0,22.3872,-2.15608e+07
5808
0 8 0 -21560755.000000
1 8 1 -21560755.000000
2 5 1 -21560755.000000
3 2 0 -21560755.000000
4 7 0 -21560755.000000
5 8 1 -21560755.000000
6 3 0 -21560755.000000
7 8 0 -21560755.000000
8 2 0 -21560755.000000
9 8 1 -21560755.000000
Time: 42.640000
Gen:28
0.523718,0.467352,0.00892964,0,22.3842,-2.15579e+07
0
