routeSetSize:15
pSwap:0
popSize:10
elite:2
pSm:0.5
paSm:0.1
prcm:0
pDelete:0.4
tFit:80
neighborhoodSize:20
maxGen:200
run:1
stableCount:20
e:0.7
minGen:1
minFitnessRatio:1e-05
minRouteLength:10
maxRouteLength:30
maxIter:1
beta:0.8
beta:0.8
 OpATT19.2695
minRputeSize: 10 maxRouteSize: 30
mutation constructed
Initial : -2.23361e+07
0.45834
0.499001
0.0413411
0.00131868
23.1314

-----------------------------------------
Iteration:0 started

Gen:0
0.461107,0.497921,0.0409725,0,23.0632,-2.22119e+07
908598
0 0 2 -22211855.000000
1 0 0 -22328877.304688
2 0 2 -22211855.000000
3 0 2 -22299310.000000
4 0 2 -22220223.730469
5 0 2 -22220223.730469
6 0 2 -22211855.000000
7 0 2 -22220223.730469
8 0 2 -22211855.000000
9 0 2 -22220223.730469
Time: 33.460000
Gen:1
0.469372,0.497365,0.0332629,0,22.9914,-2.21427e+07
39950.7
0 3 2 -22194257.910156
1 9 1 -22194228.730469
2 5 2 -22142675.000000
3 5 2 -22142675.000000
4 2 1 -22163715.000000
5 5 2 -22142675.000000
6 0 2 -22161730.000000
7 3 2 -22194257.910156
8 8 1 -22169240.000000
9 0 2 -22192770.000000
Time: 35.400000
Gen:2
0.469278,0.507956,0.0227654,0,22.9263,-2.208e+07
21518.6
0 5 0 -22086880.000000
1 7 2 -22079955.000000
2 2 0 -22138395.000000
3 7 2 -22079955.000000
4 5 0 -22086880.000000
5 3 0 -22134670.000000
6 5 0 -22086880.000000
7 5 0 -22137655.000000
8 5 0 -22114590.000000
9 5 1 -22131735.000000
Time: 35.740000
Gen:3
0.466366,0.49899,0.0346439,0,22.8948,-2.20497e+07
24560.1
0 6 2 -22049685.000000
1 0 2 -22049685.000000
2 0 2 -22049685.000000
3 3 0 -22069510.000000
4 3 0 -22068525.000000
5 1 1 -22064120.000000
6 1 2 -22051435.000000
7 1 2 -22051435.000000
8 6 2 -22049685.000000
9 3 0 -22069510.000000
Time: 35.810000
Gen:4
0.473385,0.495309,0.0313056,0,22.8576,-2.20138e+07
8783.07
0 2 1 -22032325.000000
1 2 1 -22013815.000000
2 0 0 -22041485.000000
3 2 1 -22013815.000000
4 2 1 -22013815.000000
5 5 1 -22027660.000000
6 2 1 -22013815.000000
7 2 1 -22013815.000000
8 5 1 -22027660.000000
9 2 1 -22032325.000000
Time: 35.470000
Gen:5
0.476417,0.493165,0.0304179,0,22.8211,-2.19787e+07
9903.69
0 6 2 -21978675.000000
1 9 0 -22001460.000000
2 9 2 -21988490.000000
3 9 0 -22001460.000000
4 9 2 -21988490.000000
5 7 0 -22001110.000000
6 6 2 -21978675.000000
7 6 0 -22002945.000000
8 3 0 -22004250.000000
9 7 0 -22001110.000000
Time: 36.220000
Gen:6
0.473401,0.506082,0.0205174,0,22.7862,-2.1945e+07
9609.75
0 4 0 -21950180.000000
1 1 1 -21961935.000000
2 1 2 -21959240.000000
3 1 2 -21959240.000000
4 8 2 -21969110.000000
5 2 2 -21964740.000000
6 4 0 -21950180.000000
7 9 2 -21967350.000000
8 4 0 -21945050.000000
9 9 2 -21967350.000000
Time: 36.430000
Gen:7
0.479875,0.503694,0.0164316,0,22.7436,-2.1904e+07
7947.37
0 8 2 -21904010.000000
1 8 0 -21944335.000000
2 0 0 -21925570.000000
3 8 2 -21904010.000000
4 8 2 -21904010.000000
5 8 2 -21904010.000000
6 8 0 -21945050.000000
7 8 2 -21904010.000000
8 8 2 -21904010.000000
9 0 2 -21926685.000000
Time: 36.650000
Gen:8
0.483202,0.501191,0.0156061,0,22.6966,-2.18587e+07
16467.7
0 7 0 -21858725.000000
1 8 2 -21885335.000000
2 7 0 -21858725.000000
3 7 0 -21858725.000000
4 7 0 -21858725.000000
5 7 0 -21858725.000000
6 0 1 -21892265.000000
7 5 1 -21885100.000000
8 8 2 -21885335.000000
9 3 0 -21896470.000000
Time: 36.980000
Gen:9
0.483467,0.50048,0.0160526,0,22.6793,-2.18421e+07
15443.3
0 4 0 -21855555.000000
1 0 0 -21843000.000000
2 5 0 -21861830.000000
3 0 0 -21843000.000000
4 5 0 -21842065.000000
5 5 0 -21842065.000000
6 5 0 -21842065.000000
7 5 0 -21842065.000000
8 5 0 -21842065.000000
9 3 1 -21850740.000000
Time: 36.490000
Gen:10
0.48883,0.496488,0.014682,0,22.6365,-2.18008e+07
6766.06
0 6 0 -21826120.000000
1 7 0 -21830500.000000
2 5 0 -21826120.000000
3 6 0 -21826120.000000
4 6 0 -21826120.000000
5 3 0 -21826340.000000
6 6 1 -21800840.000000
7 7 0 -21830500.000000
8 7 0 -21830500.000000
9 5 0 -21826120.000000
Time: 36.720000
Gen:11
0.48965,0.495668,0.014682,0,22.6324,-2.17969e+07
8261.18
0 6 1 -21796890.000000
1 6 0 -21800240.000000
2 6 0 -21800800.000000
3 6 0 -21800240.000000
4 6 1 -21796890.000000
5 6 1 -21796890.000000
6 6 1 -21796890.000000
7 6 1 -21796890.000000
8 2 1 -21819520.000000
9 6 1 -21796890.000000
Time: 37.030000
Gen:12
0.491769,0.494183,0.0140486,0,22.6076,-2.1773e+07
6628.43
0 7 0 -21796185.000000
1 9 1 -21773045.000000
2 9 0 -21790965.000000
3 5 0 -21792430.000000
4 1 0 -21794485.000000
5 1 0 -21794485.000000
6 0 1 -21782165.000000
7 9 1 -21773045.000000
8 0 1 -21782165.000000
9 9 1 -21773045.000000
Time: 38.430000
Gen:13
0.492194,0.493757,0.0140486,0,22.5956,-2.17615e+07
9166.54
0 7 1 -21761480.000000
1 7 1 -21766310.000000
2 7 1 -21761480.000000
3 8 0 -21763390.000000
4 7 1 -21761480.000000
5 8 0 -21763390.000000
6 7 1 -21766310.000000
7 1 0 -21768585.000000
8 7 1 -21761480.000000
9 7 1 -21761480.000000
Time: 38.950000
Gen:14
0.496337,0.488088,0.0155749,0,22.5572,-2.17245e+07
2491.2
0 8 0 -21743385.000000
1 8 0 -21743385.000000
2 8 0 -21743385.000000
3 8 2 -21724530.000000
4 1 0 -21758770.000000
5 0 0 -21757020.000000
6 8 0 -21743385.000000
7 8 2 -21724530.000000
8 8 0 -21743385.000000
9 3 0 -21755850.000000
Time: 39.790000
Gen:15
0.497038,0.487828,0.0151337,0,22.5388,-2.17068e+07
11347.2
0 6 2 -21706785.000000
1 6 2 -21706785.000000
2 6 2 -21706785.000000
3 6 2 -21706785.000000
4 1 2 -21708590.000000
5 6 2 -21706785.000000
6 6 2 -21706785.000000
7 7 0 -21711450.000000
8 3 0 -21723900.000000
9 6 2 -21706785.000000
Time: 40.450000
Gen:16
0.4975,0.487075,0.0154244,0,22.5227,-2.16913e+07
5121.7
0 0 0 -21700180.000000
1 2 1 -21701775.000000
2 0 0 -21700180.000000
3 6 0 -21700180.000000
4 2 1 -21701775.000000
5 2 1 -21691285.000000
6 2 1 -21691285.000000
7 6 0 -21700180.000000
8 1 0 -21703535.000000
9 6 0 -21700180.000000
Time: 40.150000
Gen:17
0.499774,0.485466,0.0147599,0,22.5176,-2.16864e+07
4024.19
0 5 0 -21691285.000000
1 6 0 -21690760.000000
2 5 0 -21689185.000000
3 0 1 -21686380.000000
4 6 0 -21690760.000000
5 0 1 -21686380.000000
6 0 1 -21686380.000000
7 0 1 -21686380.000000
8 5 0 -21690905.000000
9 0 1 -21686380.000000
Time: 40.480000
Gen:18
0.50047,0.48477,0.0147599,0,22.5095,-2.16785e+07
2160.84
0 2 0 -21682580.000000
1 7 0 -21678530.000000
2 7 0 -21678530.000000
3 2 0 -21682580.000000
4 8 1 -21681115.000000
5 1 1 -21679855.000000
6 1 1 -21679855.000000
7 1 1 -21679855.000000
8 1 1 -21680895.000000
9 1 1 -21680895.000000
Time: 41.610000
Gen:19
0.501586,0.483654,0.0147599,0,22.5035,-2.16728e+07
1354.38
0 9 0 -21677770.000000
1 7 1 -21675625.000000
2 7 0 -21677955.000000
3 9 0 -21677770.000000
4 1 1 -21672765.000000
5 7 1 -21675625.000000
6 9 0 -21677770.000000
7 1 1 -21672765.000000
8 1 0 -21675405.000000
9 1 1 -21672765.000000
Time: 41.450000
Gen:20
0.505013,0.482128,0.0128597,0,22.4875,-2.16574e+07
2093.3
0 7 0 -21670755.000000
1 6 0 -21670230.000000
2 4 1 -21657415.000000
3 9 1 -21660300.000000
4 7 0 -21670755.000000
5 4 1 -21657415.000000
6 7 0 -21670755.000000
7 9 1 -21660300.000000
8 9 1 -21660300.000000
9 6 0 -21670230.000000
Time: 41.900000
Gen:21
0.504094,0.481147,0.0147599,0,22.4872,-2.1657e+07
5789.31
0 7 0 -21657050.000000
1 5 0 -21657415.000000
2 2 0 -21657415.000000
3 8 0 -21660100.000000
4 2 0 -21657415.000000
5 7 0 -21657050.000000
6 2 1 -21658200.000000
7 7 0 -21657050.000000
8 2 1 -21658200.000000
9 7 0 -21657050.000000
Time: 43.120000
Gen:22
0.504893,0.482247,0.0128597,0,22.4833,-2.16533e+07
905.172
0 1 0 -21653300.000000
1 1 0 -21653300.000000
2 1 0 -21653300.000000
3 7 0 -21656070.000000
4 7 0 -21656345.000000
5 9 0 -21657050.000000
6 7 0 -21656070.000000
7 7 0 -21656070.000000
8 1 0 -21653300.000000
9 2 0 -21657415.000000
Time: 43.710000
Gen:23
0.505568,0.481868,0.0125638,0,22.4776,-2.16478e+07
1623.13
0 2 1 -21649375.000000
1 2 1 -21647815.000000
2 2 0 -21652875.000000
3 2 1 -21649375.000000
4 2 1 -21647815.000000
5 2 1 -21647815.000000
6 2 1 -21649375.000000
7 2 0 -21652875.000000
8 2 1 -21647815.000000
9 8 0 -21651200.000000
Time: 43.980000
Gen:24
0.506482,0.480954,0.0125638,0,22.47,-2.16405e+07
1920.85
0 4 0 -21640485.000000
1 1 0 -21645565.000000
2 5 0 -21645565.000000
3 5 1 -21646705.000000
4 1 0 -21645565.000000
5 1 0 -21645565.000000
6 4 0 -21640485.000000
7 4 0 -21640485.000000
8 1 0 -21647815.000000
9 4 0 -21640485.000000
Time: 44.130000
Gen:25
0.506949,0.480487,0.0125638,0,22.4676,-2.16382e+07
2844.74
0 9 1 -21638235.000000
1 9 0 -21640485.000000
2 6 0 -21639960.000000
3 6 0 -21639960.000000
4 7 0 -21638235.000000
5 6 0 -21640485.000000
6 7 0 -21638235.000000
7 9 1 -21638235.000000
8 9 1 -21638235.000000
9 9 1 -21638235.000000
Time: 43.700000
Gen:26
0.509467,0.477969,0.0125638,0,22.4636,-2.16343e+07
987.725
0 7 0 -21637530.000000
1 7 0 -21637530.000000
2 3 1 -21637710.000000
3 0 1 -21634310.000000
4 0 1 -21634310.000000
5 0 1 -21634310.000000
6 0 1 -21634310.000000
7 0 1 -21634310.000000
8 6 0 -21637710.000000
9 8 0 -21637255.000000
Time: 44.090000
Gen:27
0.509628,0.478244,0.0121277,0,22.4596,-2.16305e+07
1622.79
0 6 1 -21630475.000000
1 6 1 -21630475.000000
2 6 0 -21633330.000000
3 6 1 -21633390.000000
4 6 1 -21630475.000000
5 6 1 -21634310.000000
6 6 1 -21630475.000000
7 7 0 -21634310.000000
8 6 1 -21633330.000000
9 7 1 -21634310.000000
Time: 44.380000
Gen:28
0.511808,0.476064,0.0121277,0,22.4574,-2.16284e+07
1685.21
0 4 0 -21630475.000000
1 1 0 -21630475.000000
2 1 0 -21628375.000000
3 6 0 -21630475.000000
4 1 0 -21628375.000000
5 1 0 -21630475.000000
6 1 0 -21628375.000000
7 1 0 -21628375.000000
8 6 0 -21630475.000000
9 6 0 -21631260.000000
Time: 44.590000
Gen:29
0.510376,0.477497,0.0121277,0,22.4573,-2.16282e+07
1116.13
0 2 0 -21628375.000000
1 7 0 -21628375.000000
2 2 0 -21628375.000000
3 2 0 -21628375.000000
4 0 1 -21628250.000000
5 6 0 -21628375.000000
6 7 0 -21628375.000000
7 2 0 -21628375.000000
8 7 0 -21628375.000000
9 7 0 -21628375.000000
ratio: 0.000006 stable count: 1
Time: 44.720000
Gen:30
0.510235,0.477637,0.0121277,0,22.4541,-2.16252e+07
37.5
0 2 1 -21625235.000000
1 4 1 -21628250.000000
2 1 0 -21627795.000000
3 1 0 -21627795.000000
4 4 1 -21628250.000000
5 2 1 -21625235.000000
6 4 0 -21628250.000000
7 2 1 -21625235.000000
8 6 0 -21626630.000000
9 2 1 -21625235.000000
Time: 44.800000
Gen:31
0.511767,0.475664,0.012569,0,22.4463,-2.16177e+07
1345.83
0 0 0 -21625235.000000
1 5 1 -21617735.000000
2 5 0 -21625235.000000
3 5 1 -21617735.000000
4 7 0 -21625235.000000
5 5 0 -21625235.000000
6 5 1 -21617735.000000
7 5 1 -21617735.000000
8 0 0 -21625235.000000
9 5 0 -21625235.000000
Time: 44.940000
Gen:32
0.512899,0.474543,0.0125586,0,22.4184,-2.15909e+07
3674.23
0 6 2 -21590870.000000
1 6 0 -21618520.000000
2 6 2 -21590870.000000
3 6 2 -21590870.000000
4 6 2 -21590870.000000
5 7 0 -21617210.000000
6 1 0 -21617735.000000
7 7 0 -21617735.000000
8 7 0 -21617210.000000
9 7 0 -21617210.000000
Time: 45.200000
Gen:33
0.512899,0.474543,0.0125586,0,22.4184,-2.15909e+07
13101.7
0 4 0 -21593120.000000
1 2 0 -21590870.000000
2 4 0 -21590870.000000
3 3 0 -21590870.000000
4 3 0 -21594705.000000
5 4 0 -21590870.000000
6 2 0 -21590870.000000
7 4 0 -21590870.000000
8 0 0 -21592570.000000
9 4 0 -21590870.000000
ratio: 0.000000 stable count: 1
Time: 45.430000
Gen:34
0.513657,0.473785,0.0125586,0,22.4169,-2.15894e+07
1288.38
0 3 1 -21589410.000000
1 3 0 -21590345.000000
2 7 0 -21590870.000000
3 5 0 -21590870.000000
4 3 0 -21590345.000000
5 3 1 -21589410.000000
6 3 1 -21589410.000000
7 6 0 -21590870.000000
8 3 1 -21589410.000000
9 3 1 -21589410.000000
Time: 44.710000
Gen:35
0.513657,0.473785,0.0125586,0,22.4169,-2.15894e+07
650.922
0 8 0 -21590195.000000
1 5 0 -21589410.000000
2 1 0 -21590345.000000
3 0 0 -21589410.000000
4 6 1 -21589410.000000
5 6 1 -21589410.000000
6 6 0 -21590195.000000
7 6 1 -21589410.000000
8 6 1 -21589410.000000
9 6 1 -21589410.000000
ratio: 0.000000 stable count: 1
Time: 44.940000
Gen:36
0.51375,0.474153,0.0120965,0,22.4131,-2.15857e+07
384.6
0 6 1 -21585680.000000
1 3 1 -21588300.000000
2 3 1 -21588300.000000
3 6 1 -21585680.000000
4 5 0 -21589410.000000
5 3 1 -21588300.000000
6 1 0 -21588885.000000
7 3 1 -21588300.000000
8 3 1 -21588300.000000
9 3 1 -21588300.000000
Time: 44.950000
Gen:37
0.51375,0.474153,0.0120965,0,22.4131,-2.15857e+07
1185.18
0 3 0 -21585680.000000
1 3 0 -21585680.000000
2 3 0 -21585680.000000
3 3 0 -21585680.000000
4 0 0 -21585680.000000
5 4 0 -21588885.000000
6 3 0 -21585680.000000
7 5 1 -21588300.000000
8 8 0 -21588300.000000
9 3 0 -21585680.000000
ratio: 0.000000 stable count: 1
Time: 44.810000
Gen:38
0.514352,0.474205,0.0114424,0,22.402,-2.15751e+07
1298.81
0 3 0 -21575075.000000
1 0 0 -21585680.000000
2 3 0 -21575075.000000
3 6 1 -21583595.000000
4 3 0 -21575075.000000
5 3 0 -21585155.000000
6 2 0 -21585155.000000
7 6 1 -21583595.000000
8 4 0 -21585680.000000
9 3 0 -21575075.000000
Time: 44.870000
Gen:39
0.51443,0.474127,0.0114424,0,22.4015,-2.15746e+07
4818.22
0 2 0 -21575075.000000
1 9 0 -21574550.000000
2 9 1 -21578910.000000
3 9 0 -21574550.000000
4 2 1 -21575075.000000
5 9 0 -21574550.000000
6 2 0 -21575075.000000
7 2 0 -21575075.000000
8 2 1 -21575075.000000
9 2 1 -21575075.000000
Time: 45.020000
Gen:40
0.51443,0.474127,0.0114424,0,22.4015,-2.15746e+07
1225.7
0 5 1 -21574550.000000
1 9 0 -21575075.000000
2 5 1 -21574550.000000
3 1 0 -21574550.000000
4 3 0 -21574550.000000
5 5 1 -21574550.000000
6 9 0 -21575075.000000
7 5 1 -21574550.000000
8 1 0 -21574550.000000
9 0 0 -21575075.000000
ratio: 0.000000 stable count: 1
Time: 45.240000
Gen:41
0.51443,0.474127,0.0114424,0,22.4012,-2.15742e+07
240.585
0 9 0 -21574245.000000
1 8 0 -21574550.000000
2 7 0 -21574550.000000
3 9 0 -21574245.000000
4 9 0 -21574550.000000
5 3 0 -21574550.000000
6 0 0 -21574550.000000
7 7 0 -21574550.000000
8 3 0 -21574550.000000
9 2 0 -21574550.000000
Time: 45.030000
Gen:42
0.51443,0.474127,0.0114424,0,22.4011,-2.15742e+07
122
0 4 0 -21574170.000000
1 4 0 -21574170.000000
2 3 0 -21574245.000000
3 3 0 -21574245.000000
4 4 0 -21574170.000000
5 4 0 -21574170.000000
6 4 0 -21574170.000000
7 9 0 -21574550.000000
8 3 0 -21574245.000000
9 9 0 -21574550.000000
ratio: 0.000003 stable count: 1
Time: 45.010000
Gen:43
0.514212,0.474366,0.0114216,0,22.3993,-2.15725e+07
144.448
0 5 1 -21574170.000000
1 3 0 -21574245.000000
2 0 0 -21574170.000000
3 1 1 -21574170.000000
4 4 1 -21572475.000000
5 4 1 -21572475.000000
6 4 1 -21572475.000000
7 4 1 -21572475.000000
8 4 1 -21572475.000000
9 1 1 -21574170.000000
Time: 45.220000
Gen:44
0.514212,0.474366,0.0114216,0,22.3993,-2.15725e+07
855.263
0 6 0 -21572475.000000
1 8 0 -21572475.000000
2 8 0 -21572475.000000
3 7 0 -21572475.000000
4 6 0 -21572475.000000
5 8 0 -21572475.000000
6 6 0 -21572855.000000
7 6 0 -21572475.000000
8 8 0 -21572475.000000
9 7 0 -21572475.000000
ratio: 0.000000 stable count: 1
Time: 45.210000
Gen:45
0.514212,0.474366,0.0114216,0,22.3993,-2.15725e+07
114
0 9 0 -21572475.000000
1 2 0 -21572475.000000
2 5 1 -21572475.000000
3 7 1 -21572475.000000
4 1 1 -21572475.000000
5 3 0 -21572475.000000
6 7 0 -21572475.000000
7 9 0 -21572475.000000
8 5 1 -21572475.000000
9 7 1 -21572475.000000
ratio: 0.000000 stable count: 2
Time: 45.250000
Gen:46
0.514212,0.474366,0.0114216,0,22.3993,-2.15725e+07
0
0 8 0 -21572475.000000
1 6 1 -21572475.000000
2 7 1 -21572475.000000
3 7 1 -21572475.000000
4 1 0 -21572475.000000
5 2 0 -21572475.000000
6 6 1 -21572475.000000
7 0 1 -21572475.000000
8 0 0 -21572475.000000
9 7 1 -21572475.000000
ratio: 0.000000 stable count: 3
Time: 45.380000
Gen:47
0.51496,0.473619,0.0114216,0,22.397,-2.15702e+07
0
0 6 1 -21572475.000000
1 0 0 -21572475.000000
2 7 0 -21572475.000000
3 6 1 -21572475.000000
4 7 0 -21572475.000000
5 7 1 -21570250.000000
6 7 1 -21570250.000000
7 6 1 -21572475.000000
8 7 0 -21572475.000000
9 7 1 -21570250.000000
Time: 45.490000
Gen:48
0.51496,0.473619,0.0114216,0,22.397,-2.15702e+07
1019.62
0 9 0 -21570325.000000
1 5 0 -21570250.000000
2 9 0 -21570325.000000
3 9 0 -21570325.000000
4 5 0 -21570250.000000
5 5 0 -21570325.000000
6 5 0 -21570250.000000
7 5 0 -21570325.000000
8 5 0 -21570250.000000
9 6 0 -21570630.000000
ratio: 0.000000 stable count: 3
Time: 44.860000
Gen:49
0.51496,0.473619,0.0114216,0,22.397,-2.15702e+07
107.481
0 0 0 -21570250.000000
1 0 0 -21570250.000000
2 6 1 -21570250.000000
3 8 0 -21570325.000000
4 0 0 -21570250.000000
5 6 0 -21570325.000000
6 6 0 -21570250.000000
7 4 1 -21570250.000000
8 4 1 -21570250.000000
9 3 0 -21570250.000000
ratio: 0.000000 stable count: 4
Time: 44.850000
Gen:50
0.51496,0.473619,0.0114216,0,22.397,-2.15702e+07
30
0 9 1 -21570250.000000
1 4 0 -21570325.000000
2 8 0 -21570325.000000
3 0 1 -21570250.000000
4 3 1 -21570325.000000
5 4 0 -21570325.000000
6 4 0 -21570325.000000
7 5 0 -21570325.000000
8 9 1 -21570250.000000
9 9 1 -21570250.000000
ratio: 0.000000 stable count: 5
Time: 45.390000
Gen:51
0.51496,0.473619,0.0114216,0,22.397,-2.15702e+07
36.7423
0 4 0 -21570325.000000
1 9 1 -21570250.000000
2 9 1 -21570250.000000
3 9 1 -21570250.000000
4 6 1 -21570250.000000
5 9 0 -21570250.000000
6 4 0 -21570325.000000
7 3 0 -21570325.000000
8 8 0 -21570250.000000
9 8 0 -21570250.000000
ratio: 0.000000 stable count: 6
Time: 45.110000
Gen:52
0.514555,0.474024,0.0114216,0,22.3965,-2.15698e+07
34.3693
0 1 0 -21570250.000000
1 2 1 -21569755.000000
2 2 1 -21569755.000000
3 5 0 -21570250.000000
4 2 1 -21569755.000000
5 8 0 -21570250.000000
6 5 0 -21570250.000000
7 3 0 -21570250.000000
8 2 1 -21569755.000000
9 2 0 -21570250.000000
Time: 45.430000
Gen:53
0.514555,0.474024,0.0114216,0,22.3965,-2.15698e+07
242.499
0 4 1 -21570135.000000
1 4 0 -21569755.000000
2 4 0 -21569755.000000
3 4 0 -21569755.000000
4 4 0 -21569755.000000
5 2 0 -21569755.000000
6 4 0 -21569755.000000
7 4 0 -21569755.000000
8 8 1 -21569755.000000
9 4 1 -21570135.000000
ratio: 0.000000 stable count: 6
Time: 45.350000
Gen:54
0.514555,0.474024,0.0114216,0,22.3965,-2.15698e+07
152
0 4 1 -21569755.000000
1 6 0 -21569755.000000
2 1 0 -21569755.000000
3 6 0 -21569755.000000
4 5 0 -21569755.000000
5 6 0 -21569755.000000
6 2 1 -21569755.000000
7 7 0 -21569755.000000
8 7 0 -21569755.000000
9 5 0 -21569755.000000
ratio: 0.000000 stable count: 7
Time: 45.750000
Gen:55
0.514492,0.474086,0.0114216,0,22.3964,-2.15697e+07
0
0 2 0 -21569755.000000
1 6 1 -21569665.000000
2 4 0 -21569755.000000
3 6 1 -21569665.000000
4 6 1 -21569755.000000
5 6 1 -21569665.000000
6 6 1 -21569665.000000
7 6 1 -21569755.000000
8 7 1 -21569755.000000
9 6 1 -21569665.000000
ratio: 0.000004 stable count: 8
Time: 45.660000
Gen:56
0.514492,0.474086,0.0114216,0,22.3964,-2.15697e+07
45
0 9 0 -21569665.000000
1 1 0 -21569665.000000
2 9 0 -21569665.000000
3 3 0 -21569665.000000
4 7 0 -21569755.000000
5 1 0 -21569665.000000
6 9 0 -21569665.000000
7 3 0 -21569665.000000
8 3 0 -21569665.000000
9 1 0 -21569665.000000
ratio: 0.000000 stable count: 9
Time: 45.650000
Gen:57
0.514934,0.473645,0.0114216,0,22.3959,-2.15692e+07
27
0 1 1 -21569195.000000
1 9 0 -21569665.000000
2 1 1 -21569195.000000
3 3 1 -21569665.000000
4 9 0 -21569665.000000
5 5 0 -21569665.000000
6 9 0 -21569665.000000
7 1 1 -21569195.000000
8 9 0 -21569665.000000
9 5 0 -21569665.000000
Time: 45.130000
Gen:58
0.514934,0.473645,0.0114216,0,22.3955,-2.15688e+07
215.381
0 4 0 -21569665.000000
1 7 0 -21569195.000000
2 7 1 -21568815.000000
3 4 0 -21569665.000000
4 6 1 -21569665.000000
5 3 0 -21569665.000000
6 5 0 -21569665.000000
7 7 1 -21568815.000000
8 1 1 -21569665.000000
9 7 0 -21569195.000000
Time: 45.220000
Gen:59
0.514934,0.473645,0.0114216,0,22.3955,-2.15688e+07
344.941
0 6 1 -21569665.000000
1 2 0 -21568965.000000
2 2 0 -21568965.000000
3 8 0 -21569665.000000
4 2 0 -21568965.000000
5 8 1 -21569665.000000
6 8 0 -21569665.000000
7 8 1 -21569665.000000
8 2 0 -21568965.000000
9 6 1 -21569665.000000
ratio: 0.000000 stable count: 8
Time: 45.600000
Gen:60
0.514934,0.473645,0.0114216,0,22.3955,-2.15688e+07
342.929
0 2 0 -21568815.000000
1 2 0 -21568815.000000
2 2 0 -21569345.000000
3 2 0 -21568965.000000
4 8 1 -21568965.000000
5 0 0 -21570045.000000
6 2 0 -21568965.000000
7 8 1 -21568965.000000
8 2 0 -21568965.000000
9 2 0 -21568965.000000
ratio: 0.000000 stable count: 9
Time: 45.490000
Gen:61
0.514934,0.473645,0.0114216,0,22.3955,-2.15688e+07
349.462
0 1 1 -21568815.000000
1 7 0 -21568815.000000
2 1 1 -21568815.000000
3 7 0 -21568965.000000
4 1 0 -21568965.000000
5 7 0 -21568965.000000
6 1 0 -21568965.000000
7 7 0 -21568815.000000
8 1 1 -21568815.000000
9 1 0 -21568965.000000
ratio: 0.000000 stable count: 10
Time: 45.430000
Gen:62
0.514934,0.473645,0.0114216,0,22.3955,-2.15688e+07
75
0 4 1 -21568965.000000
1 0 0 -21568935.000000
2 4 1 -21568965.000000
3 6 0 -21568815.000000
4 2 0 -21568935.000000
5 3 0 -21568965.000000
6 0 0 -21568935.000000
7 2 0 -21568935.000000
8 5 1 -21568965.000000
9 0 0 -21568935.000000
ratio: 0.000000 stable count: 11
Time: 45.720000
Gen:63
0.514934,0.473645,0.0114216,0,22.3955,-2.15688e+07
42.4264
0 9 1 -21568935.000000
1 2 0 -21568815.000000
2 2 0 -21568815.000000
3 4 0 -21568935.000000
4 2 1 -21568965.000000
5 6 0 -21568815.000000
6 9 1 -21568935.000000
7 2 0 -21568815.000000
8 2 0 -21568815.000000
9 6 0 -21568815.000000
ratio: 0.000000 stable count: 12
Time: 45.630000
Gen:64
0.514934,0.473645,0.0114216,0,22.3955,-2.15688e+07
63
0 1 1 -21568815.000000
1 1 1 -21568815.000000
2 1 1 -21568815.000000
3 6 1 -21568815.000000
4 9 1 -21568815.000000
5 8 1 -21568815.000000
6 9 1 -21568815.000000
7 6 1 -21568815.000000
8 1 1 -21568815.000000
9 9 1 -21568815.000000
ratio: 0.000000 stable count: 13
Time: 45.250000
Gen:65
0.514934,0.473645,0.0114216,0,22.3955,-2.15688e+07
0
0 3 1 -21568815.000000
1 9 1 -21568815.000000
2 0 1 -21568815.000000
3 0 1 -21568815.000000
4 3 1 -21568815.000000
5 3 1 -21568815.000000
6 2 0 -21568935.000000
7 9 0 -21568935.000000
8 3 1 -21568815.000000
9 5 1 -21568815.000000
ratio: 0.000000 stable count: 14
Time: 45.180000
Gen:66
0.514934,0.473645,0.0114216,0,22.3955,-2.15688e+07
48
0 4 1 -21568815.000000
1 4 1 -21568815.000000
2 4 1 -21568815.000000
3 4 1 -21568815.000000
4 5 0 -21568935.000000
5 0 0 -21568965.000000
6 3 0 -21568935.000000
7 4 1 -21568815.000000
8 4 1 -21568815.000000
9 8 0 -21568935.000000
ratio: 0.000000 stable count: 15
Time: 45.560000
Gen:67
0.515297,0.473977,0.0107259,0,22.3909,-2.15644e+07
63
0 5 1 -21564365.000000
1 9 0 -21568935.000000
2 5 1 -21564365.000000
3 4 1 -21568935.000000
4 5 1 -21564365.000000
5 5 1 -21564365.000000
6 9 0 -21568935.000000
7 3 0 -21568965.000000
8 9 1 -21568935.000000
9 5 1 -21564365.000000
Time: 45.750000
Gen:68
0.515297,0.473977,0.0107259,0,22.3908,-2.15642e+07
2288.02
0 4 0 -21564215.000000
1 4 0 -21564215.000000
2 2 1 -21564365.000000
3 4 0 -21565215.000000
4 2 1 -21564365.000000
5 5 1 -21564365.000000
6 4 0 -21565215.000000
7 4 1 -21564485.000000
8 4 0 -21564215.000000
9 2 1 -21564365.000000
ratio: 0.000007 stable count: 15
Time: 45.280000
Gen:69
0.515297,0.473977,0.0107259,0,22.3908,-2.15642e+07
365.952
0 4 0 -21564485.000000
1 8 0 -21564335.000000
2 1 0 -21564365.000000
3 4 0 -21564215.000000
4 4 0 -21564215.000000
5 4 1 -21564365.000000
6 7 0 -21564335.000000
7 4 1 -21564365.000000
8 4 0 -21564215.000000
9 0 0 -21564365.000000
ratio: 0.000000 stable count: 16
Time: 45.200000
Gen:70
0.515297,0.473977,0.0107259,0,22.3908,-2.15642e+07
82.7587
0 4 1 -21564215.000000
1 4 0 -21564335.000000
2 4 1 -21564215.000000
3 4 1 -21564215.000000
4 0 1 -21564485.000000
5 4 1 -21564215.000000
6 4 1 -21564215.000000
7 8 0 -21564365.000000
8 4 1 -21564215.000000
9 4 1 -21564215.000000
ratio: 0.000000 stable count: 17
Time: 45.340000
Gen:71
0.515297,0.473977,0.0107259,0,22.3908,-2.15642e+07
89.7998
0 1 1 -21564335.000000
1 0 1 -21564215.000000
2 1 1 -21564335.000000
3 6 1 -21564215.000000
4 0 1 -21564215.000000
5 6 1 -21564215.000000
6 0 1 -21564215.000000
7 1 1 -21564335.000000
8 6 1 -21564215.000000
9 0 1 -21564215.000000
ratio: 0.000000 stable count: 18
Time: 45.220000
Gen:72
0.51564,0.474356,0.0100043,0,22.3897,-2.15632e+07
54.9909
0 0 1 -21563225.000000
1 0 1 -21563225.000000
2 2 1 -21564335.000000
3 4 0 -21564365.000000
4 1 0 -21564335.000000
5 1 1 -21564215.000000
6 0 1 -21563225.000000
7 0 1 -21563225.000000
8 1 0 -21564335.000000
9 1 1 -21564215.000000
Time: 45.330000
Gen:73
0.515302,0.474989,0.00970839,0,22.3817,-2.15554e+07
528.758
0 9 1 -21555450.000000
1 9 1 -21555450.000000
2 7 0 -21563225.000000
3 0 0 -21563605.000000
4 9 1 -21555450.000000
5 0 0 -21563605.000000
6 9 1 -21555450.000000
7 0 0 -21563605.000000
8 7 0 -21563375.000000
9 7 0 -21563375.000000
Time: 45.680000
Gen:74
0.515302,0.474989,0.00970839,0,22.3817,-2.15554e+07
3928.22
0 1 1 -21555570.000000
1 0 1 -21555450.000000
2 4 0 -21555570.000000
3 4 0 -21555570.000000
4 0 0 -21555570.000000
5 0 1 -21555450.000000
6 0 1 -21555450.000000
7 1 1 -21555570.000000
8 6 0 -21555570.000000
9 0 1 -21555450.000000
ratio: 0.000000 stable count: 17
Time: 45.320000
Gen:75
0.515302,0.474989,0.00970839,0,22.3817,-2.15554e+07
58.7878
0 6 1 -21555450.000000
1 7 1 -21555570.000000
2 7 0 -21555450.000000
3 7 0 -21555450.000000
4 7 1 -21555570.000000
5 6 1 -21555450.000000
6 0 1 -21555570.000000
7 7 0 -21555450.000000
8 0 1 -21555570.000000
9 8 1 -21555570.000000
ratio: 0.000000 stable count: 18
Time: 44.940000
Gen:76
0.515302,0.474989,0.00970839,0,22.3817,-2.15554e+07
60
0 0 1 -21555450.000000
1 7 1 -21555450.000000
2 5 1 -21555450.000000
3 7 1 -21555450.000000
4 0 1 -21555450.000000
5 0 1 -21555450.000000
6 0 1 -21555450.000000
7 1 1 -21555570.000000
8 5 1 -21555450.000000
9 7 1 -21555450.000000
ratio: 0.000000 stable count: 19
Time: 45.510000
Gen:77
0.515302,0.474989,0.00970839,0,22.3817,-2.15554e+07
36
0 1 1 -21555450.000000
1 6 1 -21555450.000000
2 3 1 -21555450.000000
3 1 0 -21555570.000000
4 7 0 -21555450.000000
5 1 1 -21555450.000000
6 6 1 -21555450.000000
7 0 1 -21555450.000000
8 4 1 -21555570.000000
9 7 0 -21555450.000000
ratio: 0.000000 stable count: 20
Time: 45.290000
Gen:78
0.515302,0.474989,0.00970839,0,22.3817,-2.15554e+07
48
0 0 1 -21555450.000000
1 9 0 -21555570.000000
2 2 0 -21555600.000000
3 2 1 -21555450.000000
4 7 1 -21555600.000000
5 0 1 -21555450.000000
6 4 1 -21555450.000000
7 4 1 -21555450.000000
8 8 0 -21555450.000000
9 0 1 -21555450.000000
ratio: 0.000000 stable count: 21
Time: 44.950000
Gen:79
0.516206,0.474086,0.00970839,0,22.3809,-2.15547e+07
64.622
0 6 0 -21555570.000000
1 8 0 -21555570.000000
2 5 0 -21555570.000000
3 6 0 -21555570.000000
4 5 0 -21555830.000000
5 5 0 -21555570.000000
6 5 0 -21555570.000000
7 3 1 -21554745.000000
8 3 1 -21554745.000000
9 6 0 -21555570.000000
Time: 45.180000
Gen:80
0.516206,0.474086,0.00970839,0,22.3809,-2.15547e+07
351.517
0 1 1 -21555570.000000
1 1 0 -21555570.000000
2 8 0 -21554865.000000
3 8 0 -21554895.000000
4 1 1 -21555570.000000
5 1 1 -21555570.000000
6 8 0 -21554865.000000
7 1 1 -21555570.000000
8 8 0 -21554865.000000
9 8 0 -21554865.000000
ratio: 0.000000 stable count: 21
Time: 44.890000
Gen:81
0.516206,0.474086,0.00970839,0,22.3809,-2.15547e+07
349.603
0 2 1 -21554865.000000
1 6 1 -21554865.000000
2 6 1 -21554865.000000
3 1 1 -21555570.000000
4 6 1 -21554865.000000
5 6 1 -21554865.000000
6 9 0 -21554865.000000
7 8 1 -21554865.000000
8 6 1 -21554865.000000
9 8 1 -21554865.000000
ratio: 0.000000 stable count: 22
Time: 45.570000
Gen:82
0.516206,0.474086,0.00970839,0,22.3809,-2.15547e+07
211.5
0 5 1 -21554865.000000
1 5 1 -21554865.000000
2 9 0 -21554865.000000
3 0 0 -21554865.000000
4 5 1 -21554865.000000
5 9 1 -21554865.000000
6 9 0 -21554865.000000
7 2 0 -21555015.000000
8 0 0 -21554865.000000
9 0 0 -21554865.000000
ratio: 0.000000 stable count: 23
Time: 45.700000
Gen:83
0.516206,0.474086,0.00970839,0,22.3809,-2.15547e+07
45
0 4 1 -21554865.000000
1 2 1 -21554865.000000
2 4 1 -21554865.000000
3 1 0 -21554865.000000
4 9 1 -21554865.000000
5 4 1 -21554865.000000
6 3 0 -21554865.000000
7 6 1 -21554865.000000
8 1 0 -21554865.000000
9 3 0 -21554865.000000
ratio: 0.000000 stable count: 24
Time: 45.450000
Gen:84
0.516206,0.474086,0.00970839,0,22.3809,-2.15547e+07
0
0 3 0 -21554865.000000
1 2 1 -21554865.000000
2 5 0 -21554745.000000
3 5 0 -21554745.000000
4 2 0 -21554865.000000
5 0 0 -21554745.000000
6 3 0 -21554865.000000
7 2 0 -21554865.000000
8 5 0 -21554745.000000
9 0 0 -21554745.000000
ratio: 0.000000 stable count: 25
Time: 45.420000
Gen:85
0.516206,0.474086,0.00970839,0,22.3809,-2.15547e+07
60
0 0 0 -21554865.000000
1 2 1 -21554745.000000
2 0 1 -21554865.000000
3 1 0 -21555015.000000
4 0 1 -21554865.000000
5 0 1 -21554865.000000
6 6 1 -21554865.000000
7 0 1 -21554865.000000
8 2 1 -21554745.000000
9 0 0 -21554865.000000
ratio: 0.000000 stable count: 26
Time: 45.080000
Gen:86
0.516206,0.474086,0.00970839,0,22.3809,-2.15547e+07
71.0563
0 8 1 -21554745.000000
1 8 0 -21554865.000000
2 8 1 -21554745.000000
3 9 0 -21554865.000000
4 8 1 -21554745.000000
5 9 0 -21554865.000000
6 4 0 -21555015.000000
7 8 0 -21554865.000000
8 8 1 -21554745.000000
9 8 0 -21554865.000000
ratio: 0.000000 stable count: 27
Time: 45.220000
Gen:87
0.516206,0.474086,0.00970839,0,22.3809,-2.15547e+07
83.1925
0 0 0 -21554865.000000
1 0 0 -21554865.000000
2 8 1 -21554745.000000
3 8 0 -21554865.000000
4 0 0 -21554895.000000
5 8 1 -21554745.000000
6 0 0 -21554865.000000
7 0 0 -21554895.000000
8 5 0 -21555015.000000
9 5 0 -21555015.000000
ratio: 0.000000 stable count: 28
Time: 45.320000
Gen:88
0.516206,0.474086,0.00970839,0,22.3809,-2.15547e+07
86.1162
0 2 1 -21554745.000000
1 1 0 -21554745.000000
2 1 0 -21554745.000000
3 2 1 -21554745.000000
4 3 0 -21554865.000000
5 2 1 -21554745.000000
6 2 1 -21554745.000000
7 2 1 -21554745.000000
8 1 0 -21554745.000000
9 2 1 -21554745.000000
ratio: 0.000000 stable count: 29
Time: 45.250000
Gen:89
0.516206,0.474086,0.00970839,0,22.3809,-2.15547e+07
36
0 7 1 -21554745.000000
1 7 1 -21554745.000000
2 0 0 -21554865.000000
3 8 0 -21554865.000000
4 5 1 -21554745.000000
5 7 1 -21554745.000000
6 5 1 -21554745.000000
7 0 0 -21554865.000000
8 0 1 -21554745.000000
9 0 0 -21554865.000000
ratio: 0.000000 stable count: 30
Time: 45.520000
Gen:90
0.516206,0.474086,0.00970839,0,22.3809,-2.15547e+07
58.7878
0 2 0 -21554745.000000
1 2 0 -21554745.000000
2 2 0 -21554745.000000
3 2 0 -21554745.000000
4 4 1 -21554745.000000
5 5 1 -21554745.000000
6 4 1 -21554745.000000
7 4 1 -21554745.000000
8 2 0 -21554745.000000
9 2 0 -21554745.000000
ratio: 0.000000 stable count: 31
Time: 45.110000
Gen:91
0.516206,0.474086,0.00970839,0,22.3809,-2.15547e+07
0
0 3 0 -21554865.000000
1 3 0 -21554865.000000
2 2 0 -21554865.000000
3 7 1 -21554745.000000
4 9 1 -21554745.000000
5 7 1 -21554745.000000
6 3 1 -21554745.000000
7 3 1 -21554745.000000
8 7 1 -21554745.000000
9 1 0 -21554895.000000
ratio: 0.000000 stable count: 32
Time: 45.550000
Gen:92
0.516206,0.474086,0.00970839,0,22.3809,-2.15547e+07
63
0 3 0 -21555725.000000
1 5 1 -21554745.000000
2 1 0 -21554745.000000
3 0 1 -21554865.000000
4 2 1 -21554865.000000
5 0 1 -21554865.000000
6 4 1 -21555595.000000
7 0 1 -21554865.000000
8 0 1 -21554865.000000
9 1 0 -21554745.000000
ratio: 0.000000 stable count: 33
Time: 45.350000
Gen:93
0.516206,0.474086,0.00970839,0,22.3809,-2.15547e+07
341.235
0 3 1 -21554865.000000
1 3 1 -21554865.000000
2 9 1 -21554835.000000
3 1 1 -21554745.000000
4 1 1 -21554745.000000
5 1 1 -21554745.000000
6 1 1 -21554745.000000
7 2 1 -21554745.000000
8 1 1 -21554745.000000
9 9 1 -21554835.000000
ratio: 0.000000 stable count: 34
Time: 45.870000
Gen:94
0.516206,0.474086,0.00970839,0,22.3809,-2.15547e+07
52.3068
0 6 1 -21554745.000000
1 5 1 -21554745.000000
2 5 1 -21554745.000000
3 6 1 -21554745.000000
4 5 1 -21554745.000000
5 6 1 -21554745.000000
6 5 1 -21554745.000000
7 6 1 -21554745.000000
8 5 1 -21554745.000000
9 5 1 -21554745.000000
ratio: 0.000000 stable count: 35
Time: 45.530000
Gen:95
0.516673,0.47434,0.00898675,0,22.3798,-2.15536e+07
0
0 7 1 -21553635.000000
1 7 1 -21553635.000000
2 0 1 -21554745.000000
3 0 0 -21554865.000000
4 0 0 -21554865.000000
5 4 0 -21554865.000000
6 7 1 -21553635.000000
7 7 1 -21553635.000000
8 2 0 -21554865.000000
9 7 1 -21553635.000000
Time: 45.170000
Gen:96
0.516673,0.47434,0.00898675,0,22.3798,-2.15536e+07
603.954
0 7 0 -21553785.000000
1 7 0 -21553785.000000
2 0 0 -21553755.000000
3 1 0 -21553785.000000
4 0 0 -21553755.000000
5 7 0 -21553785.000000
6 0 0 -21553755.000000
7 0 0 -21553755.000000
8 1 0 -21553785.000000
9 7 0 -21553785.000000
ratio: 0.000000 stable count: 35
Time: 45.210000
Gen:97
0.516673,0.47434,0.00898675,0,22.3798,-2.15536e+07
14.6969
0 0 1 -21553785.000000
1 9 1 -21553785.000000
2 4 1 -21553755.000000
3 7 1 -21553635.000000
4 7 1 -21553635.000000
5 4 1 -21553755.000000
6 7 0 -21553755.000000
7 2 0 -21553755.000000
8 7 1 -21553635.000000
9 7 1 -21553635.000000
ratio: 0.000000 stable count: 36
Time: 45.380000
Gen:98
0.516673,0.47434,0.00898675,0,22.3798,-2.15536e+07
64.622
0 7 0 -21553755.000000
1 0 0 -21553635.000000
2 0 0 -21553635.000000
3 0 0 -21553635.000000
4 0 0 -21553635.000000
5 5 1 -21553755.000000
6 0 0 -21553635.000000
7 7 1 -21553755.000000
8 0 0 -21553635.000000
9 0 0 -21553635.000000
ratio: 0.000000 stable count: 37
Time: 45.950000
Gen:99
0.516673,0.47434,0.00898675,0,22.3798,-2.15536e+07
54.9909
0 0 0 -21553635.000000
1 3 1 -21553635.000000
2 6 0 -21554015.000000
3 3 1 -21553635.000000
4 0 0 -21553635.000000
5 3 0 -21553755.000000
6 6 0 -21554615.000000
7 3 0 -21553755.000000
8 3 0 -21553755.000000
9 8 1 -21553635.000000
ratio: 0.000000 stable count: 38
Time: 45.750000
Gen:100
0.516673,0.47434,0.00898675,0,22.3798,-2.15536e+07
291.918
0 2 0 -21553635.000000
1 9 0 -21553755.000000
2 5 0 -21553755.000000
3 3 0 -21553755.000000
4 2 0 -21553635.000000
5 3 0 -21553755.000000
6 8 0 -21553635.000000
7 2 0 -21553635.000000
8 2 0 -21553635.000000
9 2 0 -21553635.000000
ratio: 0.000000 stable count: 39
Time: 45.370000
Gen:101
0.516673,0.47434,0.00898675,0,22.3798,-2.15536e+07
58.7878
0 2 1 -21553755.000000
1 7 0 -21553755.000000
2 2 0 -21553755.000000
3 7 0 -21553755.000000
4 1 0 -21553635.000000
5 7 0 -21553755.000000
6 2 0 -21553755.000000
7 3 0 -21553905.000000
8 7 0 -21553755.000000
9 1 0 -21553635.000000
ratio: 0.000000 stable count: 40
Time: 45.130000
Gen:102
0.516673,0.47434,0.00898675,0,22.3798,-2.15536e+07
71.0563
0 9 0 -21553755.000000
1 5 1 -21553755.000000
2 5 1 -21553755.000000
3 3 1 -21553755.000000
4 3 1 -21553755.000000
5 5 1 -21553755.000000
6 9 0 -21553755.000000
7 9 0 -21553755.000000
8 5 0 -21553755.000000
9 5 0 -21553755.000000
ratio: 0.000000 stable count: 41
Time: 45.190000
Gen:103
0.516673,0.47434,0.00898675,0,22.3798,-2.15536e+07
0
0 6 0 -21553635.000000
1 1 0 -21553755.000000
2 6 0 -21553635.000000
3 1 0 -21553755.000000
4 6 0 -21553635.000000
5 1 0 -21553755.000000
6 7 1 -21553755.000000
7 3 0 -21553905.000000
8 1 0 -21553755.000000
9 1 0 -21553755.000000
ratio: 0.000000 stable count: 42
Time: 45.360000
Gen:104
0.516673,0.47434,0.00898675,0,22.3798,-2.15536e+07
78.2879
0 4 0 -21553755.000000
1 2 1 -21553635.000000
2 2 1 -21553635.000000
3 2 1 -21553635.000000
4 2 1 -21553635.000000
5 9 0 -21553905.000000
6 2 1 -21553635.000000
7 0 0 -21553785.000000
8 2 1 -21553635.000000
9 1 0 -21553755.000000
ratio: 0.000000 stable count: 43
Time: 45.100000
Gen:105
0.516673,0.47434,0.00898675,0,22.3798,-2.15536e+07
89.7998
0 4 1 -21553635.000000
1 1 1 -21553635.000000
2 5 0 -21553905.000000
3 1 1 -21553635.000000
4 1 1 -21553635.000000
5 9 1 -21553635.000000
6 9 0 -21553905.000000
7 1 1 -21553635.000000
8 9 1 -21553635.000000
9 1 1 -21553635.000000
ratio: 0.000000 stable count: 44
Time: 45.010000
Gen:106
0.516673,0.47434,0.00898675,0,22.3798,-2.15536e+07
108
0 2 0 -21553905.000000
1 1 0 -21553755.000000
2 5 1 -21553635.000000
3 4 1 -21553635.000000
4 5 1 -21553635.000000
5 5 1 -21553635.000000
6 5 1 -21553635.000000
7 5 1 -21553635.000000
8 4 1 -21553635.000000
9 8 0 -21553785.000000
ratio: 0.000000 stable count: 45
Time: 44.960000
Gen:107
0.516673,0.47434,0.00898675,0,22.3798,-2.15536e+07
89.7998
0 6 0 -21553755.000000
1 1 0 -21553755.000000
2 5 1 -21553635.000000
3 6 1 -21553635.000000
4 6 1 -21553635.000000
5 5 1 -21553635.000000
6 6 1 -21553635.000000
7 5 1 -21553635.000000
8 5 1 -21553635.000000
9 6 1 -21553635.000000
ratio: 0.000000 stable count: 46
Time: 44.920000
Gen:108
0.516673,0.47434,0.00898675,0,22.3798,-2.15536e+07
48
0 2 0 -21553785.000000
1 0 0 -21553755.000000
2 3 1 -21553635.000000
3 0 0 -21553755.000000
4 3 1 -21553635.000000
5 0 0 -21553755.000000
6 6 0 -21554015.000000
7 0 0 -21553755.000000
8 3 1 -21553635.000000
9 0 0 -21553755.000000
ratio: 0.000000 stable count: 47
Time: 45.190000
Gen:109
0.516673,0.47434,0.00898675,0,22.3798,-2.15536e+07
105.456
0 7 0 -21553755.000000
1 6 0 -21553635.000000
2 8 1 -21553635.000000
3 0 0 -21554165.000000
4 7 0 -21553755.000000
5 3 1 -21553755.000000
6 8 1 -21553635.000000
7 6 0 -21553635.000000
8 4 0 -21553755.000000
9 8 1 -21553635.000000
ratio: 0.000000 stable count: 48
Time: 45.170000
Gen:110
0.516673,0.47434,0.00898675,0,22.3798,-2.15536e+07
153.782
0 7 1 -21553635.000000
1 7 1 -21553635.000000
2 1 1 -21553635.000000
3 7 1 -21553635.000000
4 8 0 -21553635.000000
5 8 0 -21553635.000000
6 7 1 -21553635.000000
7 4 1 -21553905.000000
8 7 0 -21553755.000000
9 8 0 -21553635.000000
ratio: 0.000000 stable count: 49
Time: 45.000000
Gen:111
0.516673,0.47434,0.00898675,0,22.3798,-2.15536e+07
84.9058
0 5 1 -21553635.000000
1 5 1 -21553635.000000
2 3 0 -21554015.000000
3 7 1 -21553905.000000
4 3 1 -21554015.000000
5 5 1 -21553635.000000
6 5 0 -21553755.000000
7 5 0 -21553755.000000
8 2 0 -21554015.000000
9 7 1 -21553905.000000
ratio: 0.000000 stable count: 50
Time: 44.940000
Gen:112
0.516673,0.47434,0.00898675,0,22.3798,-2.15536e+07
154.648
0 6 1 -21553635.000000
1 4 0 -21553635.000000
2 6 1 -21553635.000000
3 2 0 -21553635.000000
4 2 0 -21553635.000000
5 6 1 -21553635.000000
6 5 0 -21553785.000000
7 6 0 -21553755.000000
8 6 1 -21553635.000000
9 7 1 -21553755.000000
ratio: 0.000000 stable count: 51
Time: 44.890000
Gen:113
0.516673,0.47434,0.00898675,0,22.3798,-2.15536e+07
60.075
0 8 0 -21553755.000000
1 5 1 -21553635.000000
2 0 0 -21553785.000000
3 5 1 -21553635.000000
4 1 1 -21553635.000000
5 4 0 -21553755.000000
6 4 0 -21553755.000000
7 0 0 -21553785.000000
8 1 0 -21553755.000000
9 5 1 -21553635.000000
ratio: 0.000000 stable count: 52
Time: 45.000000
Gen:114
0.516673,0.47434,0.00898675,0,22.3798,-2.15536e+07
64.622
0 3 1 -21553635.000000
1 8 0 -21553635.000000
2 3 1 -21553635.000000
3 3 1 -21553635.000000
4 8 1 -21553755.000000
5 3 1 -21553635.000000
6 3 1 -21553635.000000
7 6 1 -21553755.000000
8 3 1 -21553635.000000
9 8 1 -21553755.000000
ratio: 0.000000 stable count: 53
Time: 44.980000
Gen:115
0.516673,0.47434,0.00898675,0,22.3798,-2.15536e+07
54.9909
0 3 0 -21553785.000000
1 1 1 -21553635.000000
2 0 1 -21553635.000000
3 0 1 -21553635.000000
4 1 1 -21553635.000000
5 0 1 -21553635.000000
6 1 1 -21553635.000000
7 0 1 -21553635.000000
8 4 1 -21553755.000000
9 1 1 -21553635.000000
ratio: 0.000000 stable count: 54
Time: 44.820000
Gen:116
0.516673,0.47434,0.00898675,0,22.3798,-2.15536e+07
54.4151
0 9 1 -21553635.000000
1 9 1 -21553635.000000
2 1 0 -21553755.000000
3 4 1 -21553635.000000
4 4 1 -21553635.000000
5 4 1 -21553635.000000
6 9 1 -21553635.000000
7 4 1 -21553635.000000
8 9 1 -21553635.000000
9 9 1 -21553635.000000
ratio: 0.000000 stable count: 55
Time: 44.680000
Gen:117
0.516673,0.47434,0.00898675,0,22.3798,-2.15536e+07
36
0 1 1 -21553635.000000
1 6 0 -21553785.000000
2 1 0 -21553755.000000
3 1 1 -21553635.000000
4 1 1 -21553635.000000
5 1 0 -21553755.000000
6 1 1 -21553635.000000
7 5 0 -21553785.000000
8 1 0 -21553755.000000
9 1 0 -21553755.000000
ratio: 0.000000 stable count: 56
Time: 45.160000
Gen:118
0.516673,0.47434,0.00898675,0,22.3798,-2.15536e+07
64.622
0 9 0 -21553755.000000
1 6 0 -21553755.000000
2 2 1 -21553755.000000
3 4 0 -21553755.000000
4 2 1 -21553755.000000
5 9 0 -21553755.000000
6 9 0 -21553755.000000
7 9 0 -21553755.000000
8 8 1 -21553755.000000
9 4 0 -21553755.000000
ratio: 0.000000 stable count: 57
Time: 45.840000
Gen:119
0.516673,0.47434,0.00898675,0,22.3798,-2.15536e+07
0
0 3 1 -21553755.000000
1 1 1 -21553755.000000
2 3 1 -21553755.000000
3 4 0 -21553905.000000
4 5 1 -21553755.000000
5 0 0 -21553755.000000
6 3 1 -21553755.000000
7 5 1 -21553755.000000
8 1 1 -21553755.000000
9 3 1 -21553755.000000
ratio: 0.000000 stable count: 58
Time: 45.670000
Gen:120
0.516673,0.47434,0.00898675,0,22.3798,-2.15536e+07
45
0 5 1 -21553755.000000
1 1 0 -21553905.000000
2 2 0 -21553635.000000
3 2 0 -21553635.000000
4 0 1 -21553755.000000
5 4 0 -21553755.000000
6 2 0 -21553635.000000
7 2 0 -21553635.000000
8 2 1 -21553755.000000
9 6 0 -21553905.000000
ratio: 0.000000 stable count: 59
Time: 45.370000
Gen:121
0.516673,0.47434,0.00898675,0,22.3798,-2.15536e+07
99.6795
0 4 0 -21553755.000000
1 2 0 -21553785.000000
2 7 1 -21553635.000000
3 2 0 -21553785.000000
4 2 1 -21553635.000000
5 4 0 -21553635.000000
6 4 1 -21553755.000000
7 4 0 -21553635.000000
8 2 1 -21553635.000000
9 2 1 -21553635.000000
ratio: 0.000000 stable count: 60
Time: 45.530000
Gen:122
0.516673,0.47434,0.00898675,0,22.3798,-2.15536e+07
66.8132
0 5 1 -21553635.000000
1 9 1 -21553635.000000
2 1 0 -21553635.000000
3 5 1 -21553635.000000
4 5 1 -21553635.000000
5 9 1 -21553635.000000
6 1 0 -21553635.000000
7 5 1 -21553635.000000
8 1 0 -21553635.000000
9 9 1 -21553635.000000
ratio: 0.000000 stable count: 61
Time: 45.020000
Gen:123
0.516673,0.47434,0.00898675,0,22.3798,-2.15536e+07
0
0 9 1 -21553635.000000
1 8 1 -21553635.000000
2 7 1 -21553635.000000
3 9 1 -21553635.000000
4 7 1 -21553635.000000
5 9 1 -21553635.000000
6 7 1 -21553635.000000
7 8 1 -21553635.000000
8 0 1 -21553635.000000
9 7 1 -21553635.000000
ratio: 0.000000 stable count: 62
Time: 45.160000
Gen:124
0.516673,0.47434,0.00898675,0,22.3798,-2.15536e+07
0
0 0 1 -21553635.000000
1 6 1 -21553635.000000
2 8 1 -21553725.000000
3 8 1 -21553725.000000
4 6 1 -21553635.000000
5 0 1 -21553635.000000
6 6 1 -21553635.000000
7 7 1 -21553635.000000
8 0 1 -21553635.000000
9 8 1 -21553635.000000
ratio: 0.000000 stable count: 63
Time: 45.080000
Gen:125
0.516673,0.47434,0.00898675,0,22.3798,-2.15536e+07
36
0 7 1 -21553635.000000
1 7 1 -21553635.000000
2 3 1 -21553725.000000
3 3 1 -21553725.000000
4 7 1 -21553635.000000
5 8 0 -21554015.000000
6 3 1 -21553725.000000
7 4 1 -21553635.000000
8 4 1 -21553635.000000
9 8 0 -21553755.000000
ratio: 0.000000 stable count: 64
Time: 45.310000
Gen:126
0.516673,0.47434,0.00898675,0,22.3798,-2.15536e+07
111.27
0 8 1 -21553635.000000
1 4 1 -21553635.000000
2 6 1 -21553725.000000
3 4 1 -21553635.000000
4 8 1 -21553635.000000
5 8 1 -21553635.000000
6 8 1 -21553635.000000
7 4 1 -21553635.000000
8 8 1 -21553635.000000
9 8 1 -21553635.000000
ratio: 0.000000 stable count: 65
Time: 45.180000
Gen:127
0.516673,0.47434,0.00898675,0,22.3798,-2.15536e+07
27
0 5 1 -21553635.000000
1 6 1 -21553635.000000
2 4 1 -21553635.000000
3 4 1 -21553635.000000
4 6 1 -21553635.000000
5 5 1 -21553635.000000
6 5 1 -21553635.000000
7 0 1 -21553635.000000
8 8 1 -21553635.000000
9 4 1 -21553635.000000
ratio: 0.000000 stable count: 66
Time: 45.130000
Gen:128
0.516673,0.47434,0.00898675,0,22.3798,-2.15536e+07
0
0 2 1 -21553635.000000
1 2 1 -21553635.000000
2 3 0 -21553755.000000
3 0 1 -21553635.000000
4 3 0 -21553755.000000
5 0 1 -21553635.000000
6 0 1 -21553635.000000
7 8 1 -21553635.000000
8 3 1 -21553635.000000
9 8 1 -21553635.000000
ratio: 0.000000 stable count: 67
Time: 45.510000
Gen:129
0.516673,0.47434,0.00898675,0,22.3798,-2.15536e+07
48
0 0 0 -21553755.000000
1 7 0 -21553785.000000
2 8 0 -21553785.000000
3 4 1 -21553755.000000
4 6 0 -21553755.000000
5 2 1 -21553755.000000
6 9 1 -21553635.000000
7 0 0 -21553755.000000
8 2 1 -21553755.000000
9 4 1 -21553755.000000
ratio: 0.000000 stable count: 68
Time: 45.130000
Gen:130
0.516673,0.47434,0.00898675,0,22.3798,-2.15536e+07
39.7995
0 6 0 -21553755.000000
1 6 0 -21553755.000000
2 3 1 -21553755.000000
3 3 1 -21553755.000000
4 6 0 -21553755.000000
5 6 0 -21553755.000000
6 0 0 -21553635.000000
7 3 1 -21553755.000000
8 3 1 -21553755.000000
9 0 0 -21553635.000000
ratio: 0.000000 stable count: 69
Time: 45.180000
Gen:131
0.516673,0.47434,0.00898675,0,22.3798,-2.15536e+07
48
0 6 1 -21553635.000000
1 8 1 -21553755.000000
2 6 1 -21553635.000000
3 7 0 -21553905.000000
4 6 1 -21553635.000000
5 8 1 -21553755.000000
6 2 0 -21553755.000000
7 1 1 -21553755.000000
8 6 1 -21553635.000000
9 5 1 -21553755.000000
ratio: 0.000000 stable count: 70
Time: 45.060000
Gen:132
0.516673,0.47434,0.00898675,0,22.3798,-2.15536e+07
83.1925
0 7 1 -21553755.000000
1 5 0 -21553755.000000
2 6 1 -21553755.000000
3 7 1 -21553755.000000
4 6 0 -21553755.000000
5 6 1 -21553755.000000
6 7 1 -21553755.000000
7 8 0 -21553755.000000
8 5 0 -21553755.000000
9 6 1 -21553755.000000
ratio: 0.000000 stable count: 71
Time: 45.690000
Gen:133
0.516673,0.47434,0.00898675,0,22.3798,-2.15536e+07
0
0 5 0 -21553905.000000
1 1 0 -21553755.000000
2 7 1 -21553755.000000
3 1 1 -21553755.000000
4 0 1 -21553755.000000
5 1 0 -21553755.000000
6 2 0 -21553755.000000
7 1 0 -21553755.000000
8 1 1 -21553755.000000
9 0 1 -21553755.000000
ratio: 0.000000 stable count: 72
Time: 45.840000
Gen:134
0.516673,0.47434,0.00898675,0,22.3798,-2.15536e+07
45
0 8 0 -21553755.000000
1 3 0 -21553755.000000
2 4 0 -21553755.000000
3 3 0 -21553755.000000
4 1 0 -21553755.000000
5 4 0 -21553755.000000
6 1 0 -21553755.000000
7 9 0 -21553755.000000
8 9 0 -21553755.000000
9 3 1 -21553755.000000
ratio: 0.000000 stable count: 73
Time: 45.960000
Gen:135
0.516673,0.47434,0.00898675,0,22.3798,-2.15536e+07
0
0 3 1 -21553635.000000
1 2 1 -21553755.000000
2 3 1 -21553635.000000
3 3 1 -21553635.000000
4 0 0 -21553755.000000
5 2 1 -21553755.000000
6 3 1 -21553635.000000
7 3 1 -21553635.000000
8 1 0 -21553755.000000
9 3 1 -21553635.000000
ratio: 0.000000 stable count: 74
Time: 46.070000
Gen:136
0.516673,0.47434,0.00898675,0,22.3798,-2.15536e+07
58.7878
0 8 0 -21553755.000000
1 3 1 -21553635.000000
2 6 1 -21553635.000000
3 3 1 -21553635.000000
4 2 1 -21553635.000000
5 3 1 -21553635.000000
6 9 1 -21553635.000000
7 9 1 -21553635.000000
8 6 1 -21553635.000000
9 9 1 -21553635.000000
ratio: 0.000000 stable count: 75
Time: 45.800000
Gen:137
0.516673,0.47434,0.00898675,0,22.3798,-2.15536e+07
36
0 0 1 -21553755.000000
1 9 0 -21553755.000000
2 8 1 -21553635.000000
3 7 0 -21553755.000000
4 9 0 -21553755.000000
5 7 0 -21553755.000000
6 8 1 -21553635.000000
7 7 0 -21553755.000000
8 0 1 -21553755.000000
9 6 0 -21553755.000000
ratio: 0.000000 stable count: 76
Time: 45.480000
Gen:138
0.516673,0.47434,0.00898675,0,22.3798,-2.15536e+07
48
0 5 1 -21553755.000000
1 2 1 -21553635.000000
2 4 1 -21553755.000000
3 9 0 -21553635.000000
4 2 1 -21553635.000000
5 9 0 -21553635.000000
6 4 1 -21553755.000000
7 2 0 -21553755.000000
8 2 1 -21553635.000000
9 2 1 -21553635.000000
ratio: 0.000000 stable count: 77
Time: 45.360000
Gen:139
0.516673,0.47434,0.00898675,0,22.3798,-2.15536e+07
58.7878
0 6 0 -21553755.000000
1 6 0 -21553755.000000
2 9 1 -21553635.000000
3 0 0 -21553755.000000
4 0 0 -21553755.000000
5 5 0 -21553755.000000
6 6 0 -21553755.000000
7 0 0 -21553755.000000
8 2 0 -21553755.000000
9 6 0 -21553755.000000
ratio: 0.000000 stable count: 78
Time: 45.510000
Gen:140
0.516673,0.47434,0.00898675,0,22.3798,-2.15536e+07
36
0 1 1 -21553755.000000
1 1 1 -21553755.000000
2 9 1 -21553755.000000
3 7 1 -21553755.000000
4 9 1 -21553755.000000
5 7 1 -21553755.000000
6 1 1 -21553755.000000
7 8 1 -21553755.000000
8 6 0 -21553755.000000
9 3 1 -21553755.000000
ratio: 0.000000 stable count: 79
Time: 45.190000
Gen:141
0.516673,0.47434,0.00898675,0,22.3798,-2.15536e+07
0
0 7 0 -21553755.000000
1 0 0 -21553905.000000
2 0 0 -21553755.000000
3 2 0 -21553905.000000
4 8 0 -21553905.000000
5 0 0 -21553755.000000
6 8 0 -21553755.000000
7 8 0 -21553755.000000
8 0 0 -21553755.000000
9 8 0 -21553755.000000
ratio: 0.000000 stable count: 80
Time: 45.290000
Gen:142
0.516673,0.47434,0.00898675,0,22.3798,-2.15536e+07
68.7386
0 3 0 -21553905.000000
1 9 1 -21553755.000000
2 6 0 -21553755.000000
3 9 1 -21553755.000000
4 6 0 -21553755.000000
5 9 1 -21553755.000000
6 1 0 -21553905.000000
7 1 0 -21554285.000000
8 6 0 -21553755.000000
9 9 1 -21553755.000000
ratio: 0.000000 stable count: 81
Time: 45.350000
Gen:143
0.516673,0.47434,0.00898675,0,22.3798,-2.15536e+07
160.315
0 3 0 -21553755.000000
1 8 0 -21553755.000000
2 8 0 -21553635.000000
3 8 0 -21553635.000000
4 3 0 -21553755.000000
5 3 0 -21553755.000000
6 9 1 -21553755.000000
7 8 0 -21553635.000000
8 3 0 -21553755.000000
9 8 0 -21553635.000000
ratio: 0.000000 stable count: 82
Time: 45.150000
Gen:144
0.516673,0.47434,0.00898675,0,22.3798,-2.15536e+07
58.7878
0 0 0 -21553635.000000
1 0 0 -21553635.000000
2 6 1 -21553755.000000
3 4 0 -21553635.000000
4 3 1 -21553635.000000
5 4 1 -21553755.000000
6 4 0 -21553635.000000
7 4 0 -21553755.000000
8 8 1 -21554605.000000
9 4 0 -21553635.000000
ratio: 0.000000 stable count: 83
Time: 45.320000
Gen:145
0.5174,0.473613,0.00898675,0,22.3782,-2.15521e+07
284.114
0 8 0 -21552115.000000
1 9 1 -21553635.000000
2 2 0 -21553755.000000
3 8 0 -21552115.000000
4 8 0 -21552115.000000
5 9 1 -21553635.000000
6 9 1 -21553635.000000
7 8 0 -21552115.000000
8 1 1 -21553755.000000
9 8 0 -21552115.000000
Time: 45.220000
Gen:146
0.5174,0.473613,0.00898675,0,22.3782,-2.15521e+07
785.101
0 4 1 -21552115.000000
1 4 1 -21552115.000000
2 7 1 -21552115.000000
3 9 0 -21552115.000000
4 3 0 -21552115.000000
5 7 1 -21552115.000000
6 9 0 -21552115.000000
7 9 1 -21552115.000000
8 7 1 -21552115.000000
9 9 0 -21552115.000000
ratio: 0.000000 stable count: 83
Time: 45.200000
Gen:147
0.5174,0.473613,0.00898675,0,22.3782,-2.15521e+07
0
0 5 1 -21552115.000000
1 9 0 -21552115.000000
2 5 1 -21552115.000000
3 5 1 -21552115.000000
4 5 1 -21552115.000000
5 9 0 -21552115.000000
6 3 1 -21552115.000000
7 5 1 -21552115.000000
8 2 1 -21552115.000000
9 5 0 -21552115.000000
ratio: 0.000000 stable count: 84
Time: 45.010000
Gen:148
0.5174,0.473613,0.00898675,0,22.3782,-2.15521e+07
0
0 7 1 -21552115.000000
1 0 0 -21552115.000000
2 9 0 -21552115.000000
3 1 1 -21552115.000000
4 1 1 -21552115.000000
5 6 0 -21552115.000000
6 6 0 -21552115.000000
7 7 1 -21552115.000000
8 0 0 -21552115.000000
9 0 0 -21552115.000000
ratio: 0.000000 stable count: 85
Time: 45.570000
Gen:149
0.517524,0.473489,0.00898675,0,22.3781,-2.1552e+07
0
0 0 0 -21552115.000000
1 1 0 -21551995.000000
2 3 0 -21551995.000000
3 3 0 -21551995.000000
4 1 0 -21551995.000000
5 3 0 -21551995.000000
6 8 1 -21552115.000000
7 3 0 -21551995.000000
8 5 1 -21552115.000000
9 8 0 -21552115.000000
ratio: 0.000006 stable count: 86
Time: 44.860000
Gen:150
0.517524,0.473489,0.00898675,0,22.3781,-2.1552e+07
58.7878
0 7 1 -21551995.000000
1 1 1 -21551995.000000
2 1 1 -21551995.000000
3 5 1 -21551995.000000
4 6 1 -21552115.000000
5 5 1 -21551995.000000
6 9 1 -21552115.000000
7 1 1 -21551995.000000
8 5 1 -21551995.000000
9 7 1 -21551995.000000
ratio: 0.000000 stable count: 87
Time: 44.940000
Gen:151
0.517524,0.473489,0.00898675,0,22.3781,-2.1552e+07
48
0 2 1 -21551995.000000
1 9 1 -21551995.000000
2 5 1 -21551995.000000
3 9 1 -21551995.000000
4 5 1 -21551995.000000
5 2 0 -21552145.000000
6 9 1 -21551995.000000
7 9 1 -21551995.000000
8 9 1 -21551995.000000
9 9 1 -21551995.000000
ratio: 0.000000 stable count: 88
Time: 44.850000
Gen:152
0.517524,0.473489,0.00898675,0,22.3781,-2.1552e+07
45
0 8 0 -21552115.000000
1 2 1 -21551995.000000
2 2 1 -21551995.000000
3 8 0 -21552115.000000
4 2 1 -21551995.000000
5 7 0 -21552115.000000
6 9 1 -21551995.000000
7 9 1 -21551995.000000
8 7 0 -21552115.000000
9 8 0 -21552115.000000
ratio: 0.000000 stable count: 89
Time: 45.360000
Gen:153
0.517524,0.473489,0.00898675,0,22.3781,-2.1552e+07
60
0 8 0 -21552115.000000
1 8 0 -21552265.000000
2 6 1 -21551995.000000
3 8 0 -21552115.000000
4 6 1 -21551995.000000
5 4 0 -21552115.000000
6 6 1 -21551995.000000
7 2 1 -21551995.000000
8 1 1 -21552115.000000
9 2 1 -21551995.000000
ratio: 0.000000 stable count: 90
Time: 45.600000
Gen:154
0.517524,0.473489,0.00898675,0,22.3781,-2.1552e+07
86.1684
0 9 1 -21551995.000000
1 0 1 -21552115.000000
2 9 1 -21551995.000000
3 7 1 -21551995.000000
4 7 1 -21551995.000000
5 0 1 -21552115.000000
6 9 1 -21551995.000000
7 0 1 -21552115.000000
8 0 1 -21552115.000000
9 6 0 -21552115.000000
ratio: 0.000000 stable count: 91
Time: 45.660000
Gen:155
0.517524,0.473489,0.00898675,0,22.3781,-2.1552e+07
60
0 6 1 -21551995.000000
1 6 1 -21551995.000000
2 2 1 -21551995.000000
3 2 1 -21551995.000000
4 4 1 -21551995.000000
5 4 1 -21551995.000000
6 7 0 -21552115.000000
7 6 1 -21551995.000000
8 6 1 -21551995.000000
9 6 1 -21551995.000000
ratio: 0.000000 stable count: 92
Time: 45.690000
Gen:156
0.517524,0.473489,0.00898675,0,22.3781,-2.1552e+07
36
0 3 0 -21552115.000000
1 3 0 -21552115.000000
2 3 0 -21552115.000000
3 4 0 -21552115.000000
4 5 0 -21552115.000000
5 3 0 -21552145.000000
6 5 0 -21552115.000000
7 9 0 -21552145.000000
8 5 0 -21552145.000000
9 5 0 -21552115.000000
ratio: 0.000000 stable count: 93
Time: 45.510000
Gen:157
0.517524,0.473489,0.00898675,0,22.3781,-2.1552e+07
13.7477
0 1 0 -21551995.000000
1 1 0 -21551995.000000
2 1 1 -21552115.000000
3 2 1 -21552115.000000
4 5 1 -21552145.000000
5 1 0 -21551995.000000
6 4 0 -21552115.000000
7 6 1 -21552115.000000
8 4 0 -21552115.000000
9 9 1 -21552115.000000
ratio: 0.000000 stable count: 94
Time: 45.440000
Gen:158
0.517524,0.473489,0.00898675,0,22.3781,-2.1552e+07
57.6281
0 6 1 -21552115.000000
1 0 1 -21551995.000000
2 5 1 -21551995.000000
3 6 1 -21552115.000000
4 0 1 -21551995.000000
5 0 1 -21551995.000000
6 0 0 -21552115.000000
7 0 1 -21551995.000000
8 5 1 -21551995.000000
9 3 0 -21552115.000000
ratio: 0.000000 stable count: 95
Time: 45.370000
Gen:159
0.517524,0.473489,0.00898675,0,22.3781,-2.1552e+07
58.7878
0 0 0 -21552115.000000
1 7 1 -21551995.000000
2 7 1 -21551995.000000
3 0 0 -21552115.000000
4 7 1 -21551995.000000
5 7 1 -21551995.000000
6 7 1 -21551995.000000
7 3 1 -21552115.000000
8 7 1 -21551995.000000
9 8 0 -21552115.000000
ratio: 0.000000 stable count: 96
Time: 45.550000
Gen:160
0.517524,0.473489,0.00898675,0,22.3781,-2.1552e+07
58.7878
0 3 0 -21551995.000000
1 7 0 -21552115.000000
2 3 0 -21552265.000000
3 3 0 -21551995.000000
4 3 0 -21552115.000000
5 9 0 -21552115.000000
6 3 0 -21551995.000000
7 9 0 -21552115.000000
8 3 0 -21551995.000000
9 2 0 -21552145.000000
ratio: 0.000000 stable count: 97
Time: 45.440000
Gen:161
0.517524,0.473489,0.00898675,0,22.3781,-2.1552e+07
84.8528
0 2 0 -21552115.000000
1 4 0 -21552115.000000
2 6 1 -21551995.000000
3 7 0 -21552265.000000
4 4 0 -21552115.000000
5 4 0 -21552115.000000
6 1 1 -21552115.000000
7 2 0 -21552115.000000
8 6 1 -21551995.000000
9 6 1 -21551995.000000
ratio: 0.000000 stable count: 98
Time: 44.860000
Gen:162
0.517524,0.473489,0.00898675,0,22.3781,-2.1552e+07
78.2879
0 2 1 -21551995.000000
1 1 0 -21552115.000000
2 1 1 -21552115.000000
3 8 0 -21552115.000000
4 1 1 -21552115.000000
5 2 1 -21551995.000000
6 0 0 -21552115.000000
7 2 1 -21551995.000000
8 8 0 -21552115.000000
9 0 0 -21552115.000000
ratio: 0.000000 stable count: 99
Time: 44.800000
Gen:163
0.517524,0.473489,0.00898675,0,22.3781,-2.1552e+07
54.9909
0 7 1 -21551995.000000
1 1 1 -21552115.000000
2 6 1 -21552115.000000
3 7 1 -21551995.000000
4 8 1 -21552115.000000
5 7 1 -21551995.000000
6 4 1 -21552115.000000
7 1 1 -21552115.000000
8 7 1 -21551995.000000
9 7 0 -21552115.000000
ratio: 0.000000 stable count: 100
Time: 45.260000
Gen:164
0.517524,0.473489,0.00898675,0,22.3781,-2.1552e+07
58.7878
0 5 0 -21552115.000000
1 0 0 -21552115.000000
2 4 1 -21552115.000000
3 0 0 -21552115.000000
4 0 0 -21552115.000000
5 7 1 -21552115.000000
6 5 0 -21552115.000000
7 0 0 -21552115.000000
8 7 1 -21552115.000000
9 0 0 -21552115.000000
ratio: 0.000000 stable count: 101
Time: 44.920000
Gen:165
0.517524,0.473489,0.00898675,0,22.3781,-2.1552e+07
0
0 7 0 -21552265.000000
1 9 0 -21551995.000000
2 6 0 -21552115.000000
3 8 0 -21552265.000000
4 0 0 -21552115.000000
5 9 0 -21551995.000000
6 2 1 -21552115.000000
7 9 0 -21551995.000000
8 9 0 -21551995.000000
9 0 0 -21552115.000000
ratio: 0.000000 stable count: 102
Time: 45.520000
Gen:166
0.517524,0.473489,0.00898675,0,22.3781,-2.1552e+07
99.6795
0 8 0 -21552115.000000
1 2 0 -21552265.000000
2 1 0 -21552145.000000
3 9 0 -21552115.000000
4 6 0 -21552115.000000
5 9 0 -21552115.000000
6 8 0 -21552115.000000
7 8 0 -21552115.000000
8 2 0 -21552115.000000
9 5 0 -21552145.000000
ratio: 0.000000 stable count: 103
Time: 45.590000
Gen:167
0.517524,0.473489,0.00898675,0,22.3781,-2.1552e+07
44.5982
0 0 0 -21552115.000000
1 5 1 -21552265.000000
2 6 0 -21552115.000000
3 0 0 -21552115.000000
4 0 1 -21552115.000000
5 0 1 -21552115.000000
6 8 1 -21552115.000000
7 0 0 -21552115.000000
8 5 1 -21552115.000000
9 0 1 -21552115.000000
ratio: 0.000000 stable count: 104
Time: 44.760000
Gen:168
0.517524,0.473489,0.00898675,0,22.3781,-2.1552e+07
45
0 5 0 -21552115.000000
1 2 1 -21552115.000000
2 2 1 -21552115.000000
3 6 0 -21551995.000000
4 6 0 -21551995.000000
5 7 1 -21552115.000000
6 6 0 -21551995.000000
7 2 1 -21552115.000000
8 5 0 -21552115.000000
9 8 1 -21552115.000000
ratio: 0.000000 stable count: 105
Time: 44.980000
Gen:169
0.517524,0.473489,0.00898675,0,22.3781,-2.1552e+07
54.9909
0 5 0 -21552115.000000
1 5 0 -21552115.000000
2 5 0 -21552115.000000
3 2 1 -21552115.000000
4 0 1 -21552115.000000
5 0 1 -21552115.000000
6 5 0 -21552115.000000
7 2 1 -21552115.000000
8 9 0 -21552495.000000
9 5 0 -21552115.000000
ratio: 0.000000 stable count: 106
Time: 45.620000
Gen:170
0.517524,0.473489,0.00898675,0,22.3781,-2.1552e+07
114
0 7 0 -21552115.000000
1 9 1 -21551995.000000
2 3 1 -21552100.000000
3 3 1 -21552115.000000
4 3 1 -21552100.000000
5 3 1 -21552100.000000
6 6 0 -21553095.000000
7 9 1 -21551995.000000
8 9 1 -21551995.000000
9 9 0 -21552115.000000
ratio: 0.000000 stable count: 107
Time: 45.170000
Gen:171
0.516621,0.474392,0.00898675,0,22.3781,-2.1552e+07
311.643
0 2 1 -21551980.000000
1 0 0 -21551995.000000
2 2 1 -21551980.000000
3 2 1 -21551980.000000
4 0 0 -21551995.000000
5 2 1 -21551980.000000
6 1 1 -21552115.000000
7 8 0 -21552375.000000
8 0 0 -21551995.000000
9 1 1 -21552115.000000
ratio: 0.000001 stable count: 108
Time: 45.680000
Gen:172
0.516621,0.474392,0.00898675,0,22.3781,-2.1552e+07
119.474
0 2 1 -21551980.000000
1 2 1 -21551980.000000
2 5 1 -21551980.000000
3 2 1 -21552960.000000
4 2 1 -21551980.000000
5 5 1 -21551980.000000
6 3 0 -21552100.000000
7 2 1 -21551980.000000
8 0 0 -21552100.000000
9 2 1 -21551980.000000
ratio: 0.000000 stable count: 109
Time: 45.770000
Gen:173
0.516621,0.474392,0.00898675,0,22.3781,-2.1552e+07
289.89
0 2 0 -21552100.000000
1 0 1 -21551980.000000
2 0 1 -21551980.000000
3 0 1 -21551980.000000
4 0 1 -21551980.000000
5 1 1 -21551980.000000
6 0 0 -21552100.000000
7 0 1 -21551980.000000
8 0 1 -21551980.000000
9 9 1 -21551980.000000
ratio: 0.000000 stable count: 110
Time: 45.570000
Gen:174
0.516621,0.474392,0.00898675,0,22.3781,-2.1552e+07
48
0 4 1 -21551980.000000
1 3 1 -21551980.000000
2 3 1 -21551980.000000
3 4 1 -21551980.000000
4 4 1 -21551980.000000
5 4 1 -21551980.000000
6 9 1 -21552100.000000
7 7 0 -21552100.000000
8 9 0 -21552100.000000
9 3 1 -21551980.000000
ratio: 0.000000 stable count: 111
Time: 46.200000
Gen:175
0.516621,0.474392,0.00898675,0,22.3781,-2.1552e+07
54.9909
0 6 0 -21552100.000000
1 8 1 -21552100.000000
2 7 1 -21551980.000000
3 8 1 -21552100.000000
4 0 1 -21551995.000000
5 7 1 -21551980.000000
6 7 1 -21551980.000000
7 8 1 -21552100.000000
8 7 1 -21551980.000000
9 6 0 -21552100.000000
ratio: 0.000000 stable count: 112
Time: 45.450000
Gen:176
0.516621,0.474392,0.00898675,0,22.3781,-2.1552e+07
58.6536
0 5 1 -21551980.000000
1 5 1 -21551980.000000
2 3 1 -21552100.000000
3 5 1 -21551980.000000
4 6 1 -21552360.000000
5 1 0 -21551980.000000
6 5 1 -21551980.000000
7 1 0 -21551980.000000
8 4 1 -21551995.000000
9 1 0 -21551980.000000
ratio: 0.000000 stable count: 113
Time: 45.030000
Gen:177
0.516621,0.474392,0.00898675,0,22.3781,-2.1552e+07
115.11
0 6 1 -21551980.000000
1 9 1 -21551980.000000
2 1 1 -21551980.000000
3 7 1 -21551980.000000
4 1 1 -21551980.000000
5 6 1 -21551980.000000
6 9 0 -21552100.000000
7 7 0 -21552130.000000
8 9 1 -21551980.000000
9 6 1 -21551980.000000
ratio: 0.000000 stable count: 114
Time: 44.980000
Gen:178
0.516621,0.474392,0.00898675,0,22.3781,-2.1552e+07
54.4151
0 1 1 -21551980.000000
1 2 0 -21552100.000000
2 7 1 -21552130.000000
3 2 1 -21551980.000000
4 1 1 -21551980.000000
5 8 1 -21551980.000000
6 8 1 -21551980.000000
7 1 1 -21551980.000000
8 2 0 -21552100.000000
9 1 1 -21551980.000000
ratio: 0.000000 stable count: 115
Time: 44.960000
Gen:179
0.516621,0.474392,0.00898675,0,22.3781,-2.1552e+07
60.075
0 1 1 -21552100.000000
1 5 0 -21552360.000000
2 1 1 -21552100.000000
3 5 0 -21552360.000000
4 9 1 -21552360.000000
5 9 0 -21552100.000000
6 1 1 -21552100.000000
7 9 0 -21552100.000000
8 4 0 -21554710.000000
9 8 1 -21552100.000000
ratio: 0.000000 stable count: 116
Time: 45.060000
Gen:180
0.516621,0.474392,0.00898675,0,22.3781,-2.1552e+07
765.878
0 4 0 -21551980.000000
1 2 0 -21551980.000000
2 4 0 -21552360.000000
3 2 0 -21551980.000000
4 9 0 -21551980.000000
5 4 0 -21551980.000000
6 2 0 -21552100.000000
7 9 0 -21551980.000000
8 2 0 -21551980.000000
9 4 0 -21551980.000000
ratio: 0.000000 stable count: 117
Time: 45.270000
Gen:181
0.516621,0.474392,0.00898675,0,22.3781,-2.1552e+07
115.672
0 5 1 -21551980.000000
1 4 1 -21551980.000000
2 1 1 -21551980.000000
3 1 1 -21551980.000000
4 5 1 -21551980.000000
5 1 0 -21552130.000000
6 8 1 -21551980.000000
7 8 1 -21551980.000000
8 1 1 -21551980.000000
9 0 0 -21552130.000000
ratio: 0.000000 stable count: 118
Time: 45.250000
Gen:182
0.516621,0.474392,0.00898675,0,22.3781,-2.1552e+07
60
0 1 1 -21551980.000000
1 0 1 -21551980.000000
2 0 1 -21551980.000000
3 1 1 -21551980.000000
4 1 1 -21551980.000000
5 1 1 -21551980.000000
6 1 1 -21551980.000000
7 0 1 -21551980.000000
8 1 1 -21551980.000000
9 1 1 -21551980.000000
ratio: 0.000000 stable count: 119
Time: 45.570000
Gen:183
0.516621,0.474392,0.00898675,0,22.3781,-2.1552e+07
0
0 1 1 -21551980.000000
1 0 0 -21552130.000000
2 6 1 -21551980.000000
3 6 0 -21552100.000000
4 1 1 -21551980.000000
5 1 1 -21551980.000000
6 6 1 -21551980.000000
7 4 1 -21551980.000000
8 6 1 -21551980.000000
9 0 1 -21551980.000000
ratio: 0.000000 stable count: 120
Time: 45.120000
Gen:184
0.516621,0.474392,0.00898675,0,22.3781,-2.1552e+07
54.4151
0 7 1 -21551980.000000
1 7 1 -21551980.000000
2 9 1 -21551980.000000
3 7 1 -21551980.000000
4 7 1 -21551980.000000
5 7 1 -21551980.000000
6 4 1 -21551980.000000
7 9 0 -21552130.000000
8 4 1 -21551980.000000
9 4 1 -21551980.000000
ratio: 0.000000 stable count: 121
Time: 44.980000
Gen:185
0.516621,0.474392,0.00898675,0,22.3781,-2.1552e+07
45
0 6 0 -21552100.000000
1 5 1 -21551980.000000
2 5 1 -21551980.000000
3 6 0 -21552100.000000
4 9 1 -21551980.000000
5 6 0 -21552100.000000
6 9 1 -21551980.000000
7 6 0 -21552100.000000
8 4 0 -21552100.000000
9 6 0 -21552100.000000
ratio: 0.000000 stable count: 122
Time: 45.040000
Gen:186
0.516621,0.474392,0.00898675,0,22.3781,-2.1552e+07
58.7878
0 7 0 -21552100.000000
1 5 0 -21551980.000000
2 1 1 -21551980.000000
3 7 0 -21552100.000000
4 1 1 -21551980.000000
5 1 1 -21551980.000000
6 3 0 -21552100.000000
7 7 0 -21552100.000000
8 5 1 -21552100.000000
9 1 0 -21552100.000000
ratio: 0.000000 stable count: 123
Time: 44.710000
Gen:187
0.516621,0.474392,0.00898675,0,22.3781,-2.1552e+07
58.7878
0 9 0 -21552100.000000
1 3 0 -21552100.000000
2 5 0 -21552130.000000
3 4 0 -21552100.000000
4 9 0 -21552100.000000
5 9 0 -21552100.000000
6 9 0 -21552100.000000
7 6 1 -21552100.000000
8 9 0 -21552100.000000
9 9 0 -21552100.000000
ratio: 0.000000 stable count: 124
Time: 45.150000
Gen:188
0.516621,0.474392,0.00898675,0,22.3781,-2.1552e+07
9
0 3 1 -21552100.000000
1 7 1 -21552100.000000
2 0 1 -21552100.000000
3 3 1 -21552100.000000
4 5 1 -21552100.000000
5 7 1 -21552100.000000
6 9 1 -21552100.000000
7 5 1 -21552100.000000
8 7 1 -21552100.000000
9 7 1 -21552100.000000
ratio: 0.000000 stable count: 125
Time: 45.130000
Gen:189
0.516621,0.474392,0.00898675,0,22.3781,-2.1552e+07
0
0 0 1 -21552100.000000
1 7 0 -21552250.000000
2 8 0 -21552100.000000
3 0 0 -21555255.000000
4 7 0 -21552250.000000
5 4 1 -21552250.000000
6 0 1 -21552100.000000
7 0 1 -21552100.000000
8 1 0 -21552100.000000
9 0 1 -21552100.000000
ratio: 0.000000 stable count: 126
Time: 45.100000
Gen:190
0.516621,0.474392,0.00898675,0,22.3781,-2.1552e+07
933.912
0 5 0 -21552100.000000
1 2 0 -21552100.000000
2 9 0 -21552100.000000
3 6 1 -21552100.000000
4 2 0 -21551980.000000
5 2 1 -21552100.000000
6 9 0 -21552100.000000
7 2 0 -21551980.000000
8 2 0 -21552100.000000
9 2 0 -21552100.000000
ratio: 0.000000 stable count: 127
Time: 44.970000
Gen:191
0.516621,0.474392,0.00898675,0,22.3781,-2.1552e+07
48
0 1 1 -21552100.000000
1 7 0 -21552100.000000
2 1 1 -21552100.000000
3 1 1 -21552100.000000
4 7 0 -21552100.000000
5 5 0 -21551980.000000
6 5 0 -21551980.000000
7 2 1 -21552100.000000
8 5 0 -21551980.000000
9 7 0 -21552100.000000
ratio: 0.000000 stable count: 128
Time: 45.170000
Gen:192
0.516621,0.474392,0.00898675,0,22.3781,-2.1552e+07
54.9909
0 8 1 -21551980.000000
1 6 1 -21551980.000000
2 1 0 -21551980.000000
3 6 1 -21551980.000000
4 4 1 -21552100.000000
5 0 1 -21552100.000000
6 2 0 -21552100.000000
7 8 1 -21552100.000000
8 1 0 -21551980.000000
9 8 1 -21551980.000000
ratio: 0.000000 stable count: 129
Time: 45.280000
Gen:193
0.516621,0.474392,0.00898675,0,22.3781,-2.1552e+07
58.7878
0 5 0 -21552100.000000
1 5 0 -21552100.000000
2 4 1 -21552100.000000
3 4 1 -21552100.000000
4 6 1 -21552100.000000
5 4 1 -21552100.000000
6 6 1 -21552100.000000
7 5 0 -21552100.000000
8 6 1 -21552100.000000
9 2 0 -21552100.000000
ratio: 0.000000 stable count: 130
Time: 45.100000
Gen:194
0.516621,0.474392,0.00898675,0,22.3781,-2.1552e+07
0
0 4 1 -21552100.000000
1 6 0 -21552100.000000
2 2 0 -21551980.000000
3 1 1 -21552100.000000
4 2 0 -21551980.000000
5 2 0 -21551980.000000
6 6 1 -21552100.000000
7 2 0 -21551980.000000
8 4 1 -21552100.000000
9 6 0 -21552100.000000
ratio: 0.000000 stable count: 131
Time: 45.310000
Gen:195
0.516621,0.474392,0.00898675,0,22.3781,-2.1552e+07
58.7878
0 8 1 -21552100.000000
1 6 0 -21551980.000000
2 2 0 -21552130.000000
3 6 0 -21551980.000000
4 6 0 -21551980.000000
5 6 0 -21551980.000000
6 6 0 -21552100.000000
7 7 1 -21551980.000000
8 7 1 -21551980.000000
9 7 1 -21551980.000000
ratio: 0.000000 stable count: 132
Time: 45.310000
Gen:196
0.516621,0.474392,0.00898675,0,22.3781,-2.1552e+07
60.075
0 9 1 -21551980.000000
1 7 1 -21551980.000000
2 9 1 -21551980.000000
3 7 1 -21551980.000000
4 1 1 -21551980.000000
5 9 0 -21552100.000000
6 8 1 -21551980.000000
7 8 1 -21551980.000000
8 3 1 -21551980.000000
9 7 1 -21551980.000000
ratio: 0.000000 stable count: 133
Time: 45.510000
Gen:197
0.516621,0.474392,0.00898675,0,22.3781,-2.1552e+07
36
0 6 0 -21554710.000000
1 6 1 -21551980.000000
2 9 1 -21551980.000000
3 9 1 -21551980.000000
4 1 0 -21552100.000000
5 8 0 -21552130.000000
6 6 1 -21551980.000000
7 6 1 -21551980.000000
8 9 1 -21551980.000000
9 9 1 -21551980.000000
ratio: 0.000000 stable count: 134
Time: 45.370000
Gen:198
0.516621,0.474392,0.00898675,0,22.3781,-2.1552e+07
811.776
0 3 0 -21552100.000000
1 3 0 -21552100.000000
2 6 1 -21551980.000000
3 7 1 -21551980.000000
4 9 0 -21552100.000000
5 6 1 -21551980.000000
6 3 0 -21552100.000000
7 6 1 -21551980.000000
8 6 1 -21551980.000000
9 3 0 -21552100.000000
ratio: 0.000000 stable count: 135
Time: 45.480000
Gen:199
0.516621,0.474392,0.00898675,0,22.3781,-2.1552e+07
60
0 0 1 -21552100.000000
1 4 0 -21551980.000000
2 1 1 -21552100.000000
3 4 0 -21551980.000000
4 1 1 -21552100.000000
5 9 1 -21552100.000000
6 9 0 -21552100.000000
7 9 1 -21552100.000000
8 4 0 -21551980.000000
9 4 0 -21552100.000000
ratio: 0.000000 stable count: 136
Time: 45.360000
Gen:200
0.516621,0.474392,0.00898675,0,22.3781,-2.1552e+07
54.9909
0 2 1 -21551980.000000
1 2 1 -21551980.000000
2 5 0 -21551980.000000
3 9 1 -21552100.000000
4 5 0 -21551980.000000
5 2 1 -21552100.000000
6 2 1 -21551980.000000
7 2 1 -21551980.000000
8 2 1 -21552100.000000
9 2 1 -21551980.000000
ratio: 0.000000 stable count: 137
Time: 45.500000
FINAL Population size
10
Best : -2.1552e+07   30:49-11-31-1-26-30-63-6-35-41-36-38-66-18-67-27-12-40-46-7-4-25-34-45-22-19-65-37-5-32- ,  30:19-36-41-51-56-8-52-20-43-50-0-69-18-65-39-48-29-23-2-14-60-17-10-16-26-30-63-6-47-7- ,  30:15-11-68-9-17-50-23-69-48-39-32-37-67-27-25-4-53-47-6-63-30-42-49-26-8-51-41-12-40-46- ,  30:21-6-47-40-46-7-4-25-41-58-64-52-8-26-49-1-59-17-60-61-43-13-22-38-18-39-32-54-36-45- ,  30:31-11-9-17-50-23-29-19-22-33-20-10-16-1-26-8-51-41-36-54-18-39-65-67-27-25-34-35-6-21- ,  30:55-52-64-58-34-51-56-28-8-26-16-10-20-33-22-38-66-3-23-50-43-61-17-59-68-9-31-11-15-42- ,  30:7-40-12-27-41-58-45-36-54-5-67-18-69-23-50-17-9-49-42-30-26-16-10-20-33-22-19-65-37-32- ,  30:42-30-62-21-24-63-6-35-41-27-67-5-54-19-22-33-20-17-9-1-26-8-51-34-25-4-40-46-53-7- ,  30:62-15-11-1-31-9-68-59-10-52-64-58-33-50-0-69-38-36-45-34-35-6-63-24-30-26-16-55-20-13- ,  30:44-14-2-0-69-18-37-67-27-41-51-8-26-62-49-1-16-55-10-28-56-6-21-30-15-11-59-17-43-13- ,  30:53-4-12-41-45-22-33-43-61-17-59-1-49-15-30-26-8-51-57-25-27-67-65-19-29-3-48-66-38-36- ,  30:35-51-64-52-20-17-60-61-43-33-50-2-0-69-38-36-41-25-4-7-47-6-56-8-55-16-9-1-26-30- ,  30:21-30-26-16-10-17-44-61-43-33-58-41-12-40-4-25-34-45-36-38-3-29-23-0-50-13-22-19-66-69- ,  26:40-53-4-12-41-36-38-69-0-3-66-54-5-65-39-48-29-19-22-33-58-35-6-47-7-46- ,  30:18-32-54-36-41-57-58-33-50-2-14-61-17-10-28-56-6-47-53-46-7-4-25-34-45-22-13-43-20-55- , 

0.516621
0.474392
0.00898675
0
22.3781
-2.1552e+07
All Run Best : -2.1552e+07   30:49-11-31-1-26-30-63-6-35-41-36-38-66-18-67-27-12-40-46-7-4-25-34-45-22-19-65-37-5-32- ,  30:19-36-41-51-56-8-52-20-43-50-0-69-18-65-39-48-29-23-2-14-60-17-10-16-26-30-63-6-47-7- ,  30:15-11-68-9-17-50-23-69-48-39-32-37-67-27-25-4-53-47-6-63-30-42-49-26-8-51-41-12-40-46- ,  30:21-6-47-40-46-7-4-25-41-58-64-52-8-26-49-1-59-17-60-61-43-13-22-38-18-39-32-54-36-45- ,  30:31-11-9-17-50-23-29-19-22-33-20-10-16-1-26-8-51-41-36-54-18-39-65-67-27-25-34-35-6-21- ,  30:55-52-64-58-34-51-56-28-8-26-16-10-20-33-22-38-66-3-23-50-43-61-17-59-68-9-31-11-15-42- ,  30:7-40-12-27-41-58-45-36-54-5-67-18-69-23-50-17-9-49-42-30-26-16-10-20-33-22-19-65-37-32- ,  30:42-30-62-21-24-63-6-35-41-27-67-5-54-19-22-33-20-17-9-1-26-8-51-34-25-4-40-46-53-7- ,  30:62-15-11-1-31-9-68-59-10-52-64-58-33-50-0-69-38-36-45-34-35-6-63-24-30-26-16-55-20-13- ,  30:44-14-2-0-69-18-37-67-27-41-51-8-26-62-49-1-16-55-10-28-56-6-21-30-15-11-59-17-43-13- ,  30:53-4-12-41-45-22-33-43-61-17-59-1-49-15-30-26-8-51-57-25-27-67-65-19-29-3-48-66-38-36- ,  30:35-51-64-52-20-17-60-61-43-33-50-2-0-69-38-36-41-25-4-7-47-6-56-8-55-16-9-1-26-30- ,  30:21-30-26-16-10-17-44-61-43-33-58-41-12-40-4-25-34-45-36-38-3-29-23-0-50-13-22-19-66-69- ,  26:40-53-4-12-41-36-38-69-0-3-66-54-5-65-39-48-29-19-22-33-58-35-6-47-7-46- ,  30:18-32-54-36-41-57-58-33-50-2-14-61-17-10-28-56-6-47-53-46-7-4-25-34-45-22-13-43-20-55- , 

0.516621
0.474392
0.00898675
0
22.3781
-2.1552e+07
