neighborhoodSize:20
run:3
stableCount:20
minFitnessRatio:1e-05
paSm:0.1
routeSetSize:15
popSize:10
elite:2
maxGen:200
pSm:0.5
beta:0.8
pDelete:0.4
maxIter:1
pSwap:1
tFit:140
e:0.7
maxRouteLength:30
minGen:1
prcm:0
minRouteLength:10
minRouteLength:10
 OpATT19.2695
minRputeSize: 10 maxRouteSize: 30
mutation constructed
Initial : -2.23361e+07
0.45834
0.499001
0.0413411
0.00131868
23.1314

-----------------------------------------
Iteration:0 started

Gen:0
0.461278,0.497251,0.0414709,0,23.0584,-2.22072e+07
420249
0 0 2 -22296620.000000
1 1 2 -22300928.027344
2 0 2 -22207195.000000
3 0 2 -22207195.000000
4 0 2 -22296620.000000
5 0 1 -22319077.304688
6 0 2 -22207195.000000
7 0 1 -22285457.304688
8 0 2 -22207195.000000
9 1 2 -22300928.027344
Time: 34.540000
Gen:1
0.475566,0.49438,0.0300545,0,22.9485,-2.21014e+07
46090.4
0 8 2 -22101385.000000
1 8 2 -22101385.000000
2 2 2 -22101385.000000
3 2 2 -22101385.000000
4 2 2 -22101385.000000
5 3 2 -22149275.000000
6 7 2 -22170333.730469
7 8 2 -22101385.000000
8 2 2 -22101385.000000
9 8 2 -22101385.000000
Time: 35.480000
Gen:2
0.473427,0.509322,0.0172519,0,22.8662,-2.20221e+07
23837.5
0 9 2 -22022065.000000
1 9 2 -22022065.000000
2 4 2 -22022065.000000
3 4 2 -22022065.000000
4 4 2 -22022065.000000
5 4 2 -22022065.000000
6 7 2 -22022065.000000
7 9 2 -22022065.000000
8 1 2 -22022065.000000
9 4 2 -22022065.000000
Time: 34.430000
Gen:3
0.473889,0.509363,0.0167483,0,22.8444,-2.20011e+07
0
0 8 1 -22004050.000000
1 2 0 -22001135.000000
2 2 0 -22001135.000000
3 4 0 -22001135.000000
4 4 0 -22001135.000000
5 0 2 -22004920.000000
6 4 0 -22001135.000000
7 4 0 -22001135.000000
8 4 0 -22001135.000000
9 2 0 -22001135.000000
Time: 33.010000
Gen:4
0.477481,0.506419,0.0160993,0,22.8297,-2.1987e+07
1354.05
0 3 1 -21986980.000000
1 9 0 -21991200.000000
2 3 1 -21986980.000000
3 3 1 -21986980.000000
4 9 1 -21987325.000000
5 8 0 -21990880.000000
6 3 1 -21986980.000000
7 9 1 -21987325.000000
8 8 0 -21990880.000000
9 3 1 -21986980.000000
Time: 33.170000
Gen:5
0.479605,0.504083,0.0163122,0,22.767,-2.19265e+07
1797.56
0 8 1 -21926535.000000
1 9 1 -21964860.000000
2 8 1 -21926535.000000
3 9 0 -21969550.000000
4 8 1 -21926535.000000
5 8 1 -21926535.000000
6 8 1 -21926535.000000
7 8 1 -21926535.000000
8 9 1 -21964860.000000
9 9 0 -21969550.000000
Time: 33.740000
Gen:6
0.482387,0.501301,0.0163122,0,22.7513,-2.19115e+07
19979.3
0 2 1 -21911460.000000
1 2 1 -21911460.000000
2 0 0 -21917640.000000
3 7 1 -21915040.000000
4 2 1 -21911460.000000
5 2 1 -21911460.000000
6 0 0 -21917640.000000
7 2 1 -21911460.000000
8 2 1 -21911460.000000
9 0 0 -21917640.000000
Time: 34.540000
Gen:7
0.482569,0.50264,0.014791,0,22.7369,-2.18975e+07
2801.15
0 2 1 -21897540.000000
1 5 0 -21899965.000000
2 2 1 -21897540.000000
3 2 1 -21897540.000000
4 1 0 -21899965.000000
5 2 1 -21897540.000000
6 5 0 -21899965.000000
7 2 1 -21897540.000000
8 1 0 -21899965.000000
9 5 0 -21899965.000000
Time: 34.850000
Gen:8
0.486655,0.499509,0.0138357,0,22.7059,-2.18677e+07
1212.5
0 9 0 -21890030.000000
1 7 0 -21867720.000000
2 7 0 -21867720.000000
3 7 0 -21867720.000000
4 7 0 -21867720.000000
5 7 0 -21867720.000000
6 7 0 -21867720.000000
7 7 0 -21867720.000000
8 7 0 -21867720.000000
9 0 1 -21884910.000000
Time: 35.240000
Gen:9
0.489017,0.497858,0.0131245,0,22.694,-2.18563e+07
7982.53
0 3 0 -21856255.000000
1 3 0 -21856255.000000
2 6 0 -21856255.000000
3 3 0 -21856255.000000
4 3 0 -21856255.000000
5 3 0 -21856255.000000
6 6 0 -21856255.000000
7 3 0 -21856255.000000
8 7 1 -21856900.000000
9 3 0 -21856255.000000
Time: 35.600000
Gen:10
0.492262,0.495543,0.0121952,0,22.662,-2.18254e+07
193.5
0 9 1 -21825415.000000
1 9 1 -21825415.000000
2 9 1 -21825415.000000
3 7 0 -21847425.000000
4 9 1 -21825415.000000
5 9 1 -21825415.000000
6 9 1 -21825415.000000
7 5 0 -21845500.000000
8 9 1 -21825415.000000
9 7 0 -21847425.000000
Time: 35.710000
Gen:11
0.493996,0.493809,0.0121952,0,22.6476,-2.18115e+07
9804.81
0 1 0 -21817625.000000
1 0 1 -21811535.000000
2 8 0 -21817625.000000
3 0 1 -21811535.000000
4 1 0 -21817625.000000
5 8 0 -21816585.000000
6 0 1 -21811535.000000
7 0 1 -21811535.000000
8 1 0 -21817625.000000
9 0 1 -21811535.000000
Time: 36.840000
Gen:12
0.494541,0.493913,0.0115462,0,22.6416,-2.18058e+07
2955.67
0 7 2 -21809710.000000
1 9 0 -21807180.000000
2 9 0 -21807180.000000
3 9 0 -21807180.000000
4 5 0 -21805830.000000
5 5 0 -21805830.000000
6 5 0 -21805830.000000
7 1 2 -21809710.000000
8 5 0 -21805830.000000
9 9 0 -21807180.000000
Time: 38.130000
Gen:13
0.501041,0.487387,0.0115722,0,22.6164,-2.17816e+07
1417.05
0 3 1 -21793725.000000
1 3 1 -21793725.000000
2 3 1 -21793725.000000
3 2 1 -21781555.000000
4 2 1 -21781555.000000
5 3 1 -21793725.000000
6 5 0 -21799575.000000
7 3 1 -21793725.000000
8 2 1 -21781555.000000
9 2 1 -21781555.000000
Time: 38.380000
Gen:14
0.502412,0.486016,0.0115722,0,22.6068,-2.17722e+07
6657.46
0 7 1 -21778200.000000
1 4 0 -21774935.000000
2 3 0 -21772240.000000
3 4 0 -21773880.000000
4 3 0 -21772240.000000
5 3 0 -21772240.000000
6 9 0 -21780890.000000
7 9 0 -21773880.000000
8 3 0 -21772240.000000
9 9 0 -21773880.000000
Time: 39.900000
Gen:15
0.504,0.484152,0.0118473,0,22.5996,-2.17654e+07
2761.9
0 2 0 -21765380.000000
1 5 0 -21769020.000000
2 5 0 -21769020.000000
3 5 0 -21769020.000000
4 2 0 -21765380.000000
5 4 0 -21769185.000000
6 2 0 -21765380.000000
7 4 0 -21769185.000000
8 2 0 -21765380.000000
9 5 0 -21771320.000000
Time: 40.030000
Gen:16
0.504405,0.483748,0.0118473,0,22.5964,-2.17623e+07
2100.25
0 6 0 -21764860.000000
1 6 0 -21764860.000000
2 5 0 -21763470.000000
3 8 0 -21762290.000000
4 8 0 -21762290.000000
5 5 0 -21763470.000000
6 8 0 -21762290.000000
7 5 0 -21763470.000000
8 8 0 -21762290.000000
9 8 0 -21762290.000000
Time: 40.150000
Gen:17
0.504888,0.483265,0.0118473,0,22.5896,-2.17557e+07
992.611
0 4 1 -21756495.000000
1 9 0 -21755670.000000
2 9 0 -21755670.000000
3 6 0 -21756540.000000
4 6 0 -21756540.000000
5 6 0 -21756540.000000
6 9 0 -21755670.000000
7 6 0 -21756540.000000
8 4 1 -21756495.000000
9 9 0 -21755670.000000
Time: 40.130000
Gen:18
0.506684,0.481468,0.0118473,0,22.5721,-2.17388e+07
419.185
0 6 0 -21754750.000000
1 6 0 -21754750.000000
2 5 1 -21738810.000000
3 7 1 -21749160.000000
4 5 1 -21738810.000000
5 9 0 -21749955.000000
6 9 0 -21749955.000000
7 5 1 -21738810.000000
8 7 1 -21752270.000000
9 5 1 -21738810.000000
Time: 40.090000
Gen:19
0.504343,0.476526,0.0191312,0,22.5416,-2.17095e+07
6609.05
0 3 2 -21709515.000000
1 3 2 -21709515.000000
2 3 2 -21709515.000000
3 4 0 -21725885.000000
4 4 0 -21737275.000000
5 3 2 -21709515.000000
6 3 2 -21709515.000000
7 4 0 -21725885.000000
8 4 0 -21725885.000000
9 4 0 -21737530.000000
Time: 40.660000
Gen:20
0.50698,0.473889,0.0191312,0,22.5317,-2.17e+07
11221.9
0 6 0 -21703000.000000
1 5 1 -21699970.000000
2 5 1 -21699970.000000
3 5 1 -21699970.000000
4 2 0 -21701840.000000
5 2 0 -21701840.000000
6 5 1 -21699970.000000
7 5 1 -21699970.000000
8 5 1 -21699970.000000
9 2 0 -21701840.000000
Time: 40.270000
Gen:21
0.507894,0.473053,0.0190534,0,22.5206,-2.16893e+07
1104.84
0 1 0 -21689265.000000
1 5 1 -21689930.000000
2 1 0 -21689265.000000
3 4 1 -21694920.000000
4 4 1 -21694920.000000
5 5 1 -21689930.000000
6 1 0 -21689265.000000
7 5 1 -21689930.000000
8 1 0 -21689265.000000
9 9 0 -21694065.000000
Time: 39.660000
Gen:22
0.510152,0.471147,0.0187003,0,22.5108,-2.16798e+07
2356.81
0 4 1 -21679815.000000
1 4 1 -21679815.000000
2 4 1 -21679815.000000
3 8 0 -21681490.000000
4 4 1 -21679815.000000
5 6 0 -21682665.000000
6 4 1 -21679815.000000
7 2 0 -21681490.000000
8 4 1 -21679815.000000
9 8 0 -21681490.000000
Time: 40.040000
Gen:23
0.510962,0.470338,0.0187003,0,22.5032,-2.16725e+07
1016.75
0 0 0 -21672470.000000
1 0 0 -21672470.000000
2 7 0 -21675235.000000
3 0 0 -21672470.000000
4 0 0 -21672470.000000
5 0 0 -21672470.000000
6 0 0 -21672470.000000
7 7 0 -21675235.000000
8 0 0 -21672470.000000
9 0 0 -21672470.000000
Time: 40.970000
Gen:24
0.511357,0.469943,0.0187003,0,22.4973,-2.16668e+07
1106
0 9 0 -21671550.000000
1 4 0 -21666835.000000
2 9 0 -21667560.000000
3 1 0 -21670585.000000
4 4 0 -21666835.000000
5 7 0 -21670230.000000
6 4 0 -21666835.000000
7 4 0 -21666835.000000
8 4 0 -21666835.000000
9 4 0 -21666835.000000
Time: 40.960000
Gen:25
0.512281,0.469564,0.0181552,0,22.4903,-2.16601e+07
1802.97
0 6 0 -21665660.000000
1 8 0 -21660105.000000
2 8 0 -21660105.000000
3 7 1 -21662785.000000
4 7 1 -21662785.000000
5 8 0 -21660105.000000
6 6 0 -21665660.000000
7 1 0 -21665915.000000
8 8 0 -21660105.000000
9 6 0 -21665660.000000
Time: 41.510000
Gen:26
0.512281,0.469564,0.0181552,0,22.489,-2.16588e+07
2514.28
0 5 0 -21658830.000000
1 2 0 -21659730.000000
2 2 0 -21660105.000000
3 5 0 -21658830.000000
4 5 0 -21658830.000000
5 8 1 -21660030.000000
6 5 0 -21658830.000000
7 1 0 -21659730.000000
8 1 0 -21659165.000000
9 5 0 -21658830.000000
Time: 42.080000
Gen:27
0.512873,0.468972,0.0181552,0,22.4788,-2.1649e+07
516.976
0 3 0 -21648965.000000
1 3 0 -21648965.000000
2 3 0 -21648965.000000
3 3 0 -21648965.000000
4 3 0 -21658185.000000
5 3 0 -21648965.000000
6 3 0 -21648965.000000
7 3 0 -21648965.000000
8 3 0 -21648965.000000
9 6 1 -21652225.000000
Time: 41.970000
Gen:28
0.514498,0.467347,0.0181552,0,22.4737,-2.16441e+07
2829.5
