pSwap:1
pSm:0.5
prcm:0
maxGen:200
minRouteLength:10
routeSetSize:15
paSm:0.1
maxRouteLength:30
stableCount:20
tFit:10
minGen:1
popSize:10
e:0.7
minFitnessRatio:1e-05
maxIter:1
neighborhoodSize:20
beta:0.8
elite:2
pDelete:0.4
run:3
run:3
 OpATT19.2695
minRputeSize: 10 maxRouteSize: 30
mutation constructed
Initial : -2.23361e+07
0.45834
0.499001
0.0413411
0.00131868
23.1314

-----------------------------------------
Iteration:0 started

mutation done
selection done
Gen:0
0
0 1 2 3 4 5 6 7 8 9 
0.461107,0.497921,0.0409725,0,23.0632,-2.22119e+07
908598
Time: 32.960000
mutation done
selection done
Gen:1
0
0 0 0 1 0 0 1 0 3 0 
0.463999,0.50033,0.0356718,0,23.0434,-2.21928e+07
208958
Time: 34.620000
mutation done
selection done
Gen:2
0
0 0 0 0 0 0 0 0 0 0 
0.459035,0.517119,0.0238452,0,22.9928,-2.2144e+07
44106.7
Time: 35.010000
mutation done
selection done
Gen:3
0
0 0 0 0 0 0 0 0 0 0 
0.460915,0.516029,0.0230561,0,22.9502,-2.2103e+07
27562.4
Time: 34.290000
mutation done
selection done
Gen:4
0
0 0 0 0 0 0 0 0 0 0 
0.470026,0.500112,0.0298624,0,22.9052,-2.20596e+07
25842.5
Time: 33.220000
mutation done
selection done
Gen:5
0
0 0 0 0 0 0 0 0 0 0 
0.482377,0.495777,0.0218465,0,22.8503,-2.20068e+07
22848.8
Time: 33.950000
mutation done
selection done
Gen:6
0
0 0 0 0 0 0 0 0 0 0 
0.484121,0.496342,0.0195362,0,22.8204,-2.1978e+07
18411.3
Time: 35.360000
mutation done
selection done
Gen:7
0
0 0 0 0 0 0 0 0 0 0 
0.488083,0.493721,0.0181967,0,22.8054,-2.19635e+07
21024.7
Time: 35.910000
mutation done
selection done
Gen:8
0
0 0 0 0 0 0 0 0 0 0 
0.485149,0.496856,0.0179943,0,22.7681,-2.19276e+07
13919.6
Time: 36.370000
mutation done
selection done
Gen:9
0
0 0 0 0 0 0 0 0 0 0 
0.485398,0.496576,0.0180254,0,22.7577,-2.19176e+07
15721.8
Time: 36.480000
mutation done
selection done
Gen:10
0
0 0 0 0 0 0 0 0 0 0 
0.496415,0.490372,0.0132127,0,22.6878,-2.18503e+07
14786.5
Time: 35.910000
mutation done
selection done
Gen:11
0
0 0 0 0 0 0 0 0 0 0 
0.498585,0.488202,0.0132127,0,22.6828,-2.18455e+07
28145.7
Time: 36.370000
mutation done
selection done
Gen:12
0
0 0 0 0 0 0 0 0 0 0 
0.50089,0.48436,0.0147495,0,22.6753,-2.18383e+07
18782
Time: 37.370000
mutation done
selection done
Gen:13
0
0 0 0 0 0 0 0 0 0 0 
0.500278,0.487735,0.0119875,0,22.6393,-2.18036e+07
7048.43
Time: 38.500000
mutation done
selection done
Gen:14
0
0 0 0 0 0 0 0 0 0 0 
0.49655,0.490616,0.0128338,0,22.6338,-2.17983e+07
17188.7
Time: 39.140000
mutation done
selection done
Gen:15
0
0 0 0 0 0 0 0 0 0 0 
0.503985,0.484983,0.0110323,0,22.6293,-2.17939e+07
6857.93
Time: 39.290000
mutation done
selection done
Gen:16
0
0 0 0 0 0 0 0 0 0 0 
0.503185,0.485492,0.011323,0,22.6129,-2.17782e+07
2375.54
Time: 38.940000
mutation done
selection done
Gen:17
0
0 0 0 0 0 0 0 0 0 0 
0.507229,0.482585,0.010186,0,22.5847,-2.1751e+07
6495.75
Time: 39.080000
mutation done
selection done
Gen:18
0
0 0 0 0 0 0 0 0 0 0 
0.507785,0.482029,0.010186,0,22.5819,-2.17483e+07
9801.95
Time: 39.260000
mutation done
selection done
Gen:19
0
0 0 0 0 0 0 0 0 0 0 
0.509441,0.480373,0.010186,0,22.5739,-2.17406e+07
10901.7
Time: 39.690000
mutation done
selection done
Gen:20
0
0 0 0 0 0 0 0 0 0 0 
0.506404,0.48341,0.010186,0,22.5593,-2.17266e+07
8444.31
Time: 39.910000
mutation done
selection done
Gen:21
0
0 0 0 0 0 0 0 0 0 0 
0.511372,0.478525,0.010103,0,22.5453,-2.1713e+07
6805.09
Time: 40.310000
mutation done
selection done
Gen:22
0
0 0 0 0 0 0 0 0 0 0 
0.513542,0.476355,0.010103,0,22.5371,-2.17051e+07
7435.19
Time: 40.730000
mutation done
selection done
Gen:23
0
0 0 0 0 0 0 0 0 0 0 
0.513542,0.476355,0.010103,0,22.5371,-2.17051e+07
7822.69
ratio: 0.000000 stable count: 1
Time: 41.600000
mutation done
selection done
Gen:24
0
0 0 0 0 0 0 0 0 0 0 
0.514576,0.475233,0.0101912,0,22.5361,-2.17042e+07
7638.23
Time: 41.150000
mutation done
selection done
Gen:25
0
0 0 0 0 0 0 0 0 0 0 
0.515759,0.476002,0.00823915,0,22.5225,-2.16911e+07
8099.57
Time: 41.450000
mutation done
selection done
Gen:26
0
0 0 0 0 0 0 0 0 0 0 
0.515536,0.476188,0.00827549,0,22.5196,-2.16883e+07
6914.85
Time: 41.680000
mutation done
selection done
Gen:27
0
0 0 0 0 0 0 0 0 0 0 
0.517504,0.474221,0.00827549,0,22.5075,-2.16766e+07
5394.2
Time: 41.980000
mutation done
selection done
Gen:28
0
0 0 0 0 0 0 0 0 0 0 
0.516647,0.475114,0.00823915,0,22.5045,-2.16737e+07
6860.75
Time: 41.760000
mutation done
selection done
Gen:29
0
0 0 0 0 0 0 0 0 0 0 
0.512037,0.47799,0.00997316,0,22.4971,-2.16667e+07
3591.55
Time: 42.120000
mutation done
selection done
Gen:30
0
0 0 0 0 0 0 0 0 0 0 
0.513345,0.476682,0.00997316,0,22.4873,-2.16571e+07
6530.39
Time: 41.870000
mutation done
selection done
Gen:31
0
0 0 0 0 0 0 0 0 0 0 
0.513345,0.476682,0.00997316,0,22.4873,-2.16571e+07
9925.5
ratio: 0.000000 stable count: 1
Time: 42.210000
mutation done
selection done
Gen:32
0
0 0 0 0 0 0 0 0 0 0 
0.513345,0.476682,0.00997316,0,22.4804,-2.16506e+07
5539.1
Time: 41.830000
mutation done
selection done
Gen:33
0
0 0 0 0 0 0 0 0 0 0 
0.513625,0.476401,0.00997316,0,22.477,-2.16473e+07
3412.52
Time: 41.980000
mutation done
selection done
Gen:34
0
0 0 0 0 0 0 0 0 0 0 
0.513625,0.476401,0.00997316,0,22.477,-2.16473e+07
4036.67
ratio: 0.000000 stable count: 1
Time: 41.380000
mutation done
selection done
Gen:35
0
0 0 0 0 0 0 0 0 0 0 
0.514809,0.475218,0.00997316,0,22.4702,-2.16407e+07
5040.96
Time: 41.490000
mutation done
selection done
Gen:36
0
0 0 0 0 0 0 0 0 0 0 
0.515629,0.474397,0.00997316,0,22.4649,-2.16356e+07
7339.68
Time: 41.150000
mutation done
selection done
Gen:37
0
0 0 0 0 0 0 0 0 0 0 
0.517774,0.472326,0.00990048,0,22.4561,-2.16272e+07
6726.52
Time: 41.490000
mutation done
selection done
Gen:38
0
0 0 0 0 0 0 0 0 0 0 
0.517774,0.472326,0.00990048,0,22.4561,-2.16272e+07
5033.21
ratio: 0.000000 stable count: 1
Time: 41.850000
mutation done
selection done
Gen:39
0
0 0 0 0 0 0 0 0 0 0 
0.515941,0.475,0.00905943,0,22.4557,-2.16267e+07
4535.55
Time: 41.910000
mutation done
selection done
Gen:40
0
0 0 0 0 0 0 0 0 0 0 
0.516668,0.474273,0.00905943,0,22.4501,-2.16214e+07
3195.17
Time: 42.200000
mutation done
selection done
Gen:41
0
0 0 0 0 0 0 0 0 0 0 
0.517592,0.473349,0.00905943,0,22.4483,-2.16196e+07
4400.35
Time: 42.300000
mutation done
selection done
Gen:42
0
0 0 0 0 0 0 0 0 0 0 
0.518158,0.472783,0.00905943,0,22.4466,-2.1618e+07
7193
Time: 42.580000
mutation done
selection done
Gen:43
0
0 0 0 0 0 0 0 0 0 0 
0.519066,0.471874,0.00905943,0,22.4411,-2.16127e+07
7078.03
Time: 42.780000
mutation done
selection done
Gen:44
0
0 0 0 0 0 0 0 0 0 0 
0.518428,0.472513,0.00905943,0,22.4404,-2.16121e+07
3082.72
Time: 42.960000
mutation done
selection done
Gen:45
0
0 0 0 0 0 0 0 0 0 0 
0.519855,0.471158,0.00898675,0,22.4307,-2.16027e+07
2134.12
Time: 43.330000
mutation done
selection done
Gen:46
0
0 0 0 0 0 0 0 0 0 0 
0.521564,0.469377,0.00905943,0,22.4304,-2.16024e+07
6736
Time: 43.110000
mutation done
selection done
Gen:47
0
0 0 0 0 0 0 0 0 0 0 
0.521564,0.469377,0.00905943,0,22.4304,-2.16024e+07
4943.33
ratio: 0.000000 stable count: 1
Time: 43.470000
mutation done
selection done
Gen:48
0
0 0 0 0 0 0 0 0 0 0 
0.518973,0.471957,0.00906981,0,22.4181,-2.15906e+07
5562.54
Time: 43.310000
mutation done
selection done
Gen:49
0
0 0 0 0 0 0 0 0 0 0 
0.518973,0.471957,0.00906981,0,22.4181,-2.15906e+07
6651.47
ratio: 0.000000 stable count: 1
Time: 43.810000
mutation done
selection done
Gen:50
0
0 0 0 0 0 0 0 0 0 0 
0.520094,0.471272,0.00863371,0,22.4151,-2.15876e+07
5105.1
Time: 43.540000
mutation done
selection done
Gen:51
0
0 0 0 0 0 0 0 0 0 0 
0.521766,0.469164,0.00906981,0,22.4096,-2.15823e+07
5195.91
Time: 43.060000
mutation done
selection done
Gen:52
0
0 0 0 0 0 0 0 0 0 0 
0.524128,0.466802,0.00906981,0,22.4057,-2.15786e+07
3842.67
Time: 43.480000
mutation done
selection done
Gen:53
0
0 0 0 0 0 0 0 0 0 0 
0.524767,0.466163,0.00906981,0,22.4006,-2.15737e+07
2781.07
Time: 43.430000
mutation done
selection done
Gen:54
0
0 0 0 0 0 0 0 0 0 0 
0.524767,0.466163,0.00906981,0,22.4006,-2.15737e+07
4740.41
ratio: 0.000000 stable count: 1
Time: 43.890000
mutation done
selection done
Gen:55
0
0 0 0 0 0 0 0 0 0 0 
0.526329,0.464601,0.00906981,0,22.3952,-2.15684e+07
2116.15
Time: 43.850000
mutation done
selection done
Gen:56
0
0 0 0 0 0 0 0 0 0 0 
0.52647,0.464461,0.00906981,0,22.3949,-2.15682e+07
3017.85
Time: 44.670000
mutation done
selection done
Gen:57
0
0 0 0 0 0 0 0 0 0 0 
0.52647,0.464461,0.00906981,0,22.3949,-2.15682e+07
2683.27
ratio: 0.000000 stable count: 1
Time: 44.050000
mutation done
selection done
Gen:58
0
0 0 0 0 0 0 0 0 0 0 
0.527845,0.463085,0.00906981,0,22.3902,-2.15637e+07
3495.13
Time: 45.720000
mutation done
selection done
Gen:59
0
0 0 0 0 0 0 0 0 0 0 
0.526599,0.464331,0.00906981,0,22.3862,-2.15598e+07
3602.79
Time: 43.850000
mutation done
selection done
Gen:60
0
0 0 0 0 0 0 0 0 0 0 
0.526599,0.464331,0.00906981,0,22.3862,-2.15598e+07
3278.72
ratio: 0.000000 stable count: 1
Time: 44.380000
mutation done
selection done
Gen:61
0
0 0 0 0 0 0 0 0 0 0 
0.528401,0.462529,0.00906981,0,22.3854,-2.1559e+07
3428.28
Time: 44.480000
mutation done
selection done
Gen:62
0
0 0 0 0 0 0 0 0 0 0 
0.528401,0.462529,0.00906981,0,22.3854,-2.1559e+07
3716.37
ratio: 0.000000 stable count: 1
Time: 44.950000
mutation done
selection done
Gen:63
0
0 0 0 0 0 0 0 0 0 0 
0.528115,0.462815,0.00906981,0,22.3813,-2.15551e+07
2931.6
Time: 46.200000
mutation done
selection done
Gen:64
0
0 0 0 0 0 0 0 0 0 0 
0.528115,0.462815,0.00906981,0,22.3813,-2.15551e+07
2522.91
ratio: 0.000000 stable count: 1
Time: 46.790000
mutation done
selection done
Gen:65
0
0 0 0 0 0 0 0 0 0 0 
0.528058,0.462872,0.00906981,0,22.3812,-2.1555e+07
11284
ratio: 0.000002 stable count: 2
Time: 46.730000
mutation done
selection done
Gen:66
0
0 0 0 0 0 0 0 0 0 0 
0.529678,0.461252,0.00906981,0,22.3796,-2.15535e+07
3447.25
Time: 46.890000
mutation done
selection done
Gen:67
0
0 0 0 0 0 0 0 0 0 0 
0.529678,0.461252,0.00906981,0,22.3796,-2.15535e+07
2219.44
ratio: 0.000000 stable count: 2
Time: 44.270000
mutation done
selection done
Gen:68
0
0 0 0 0 0 0 0 0 0 0 
0.528749,0.462181,0.00906981,0,22.3787,-2.15526e+07
919.574
Time: 47.690000
mutation done
selection done
Gen:69
0
0 0 0 0 0 0 0 0 0 0 
0.528764,0.462166,0.00906981,0,22.3781,-2.1552e+07
2446.66
Time: 46.610000
mutation done
selection done
Gen:70
0
0 0 0 0 0 0 0 0 0 0 
0.528764,0.462166,0.00906981,0,22.3781,-2.1552e+07
3609.78
ratio: 0.000000 stable count: 1
Time: 43.970000
mutation done
selection done
Gen:71
0
0 0 0 0 0 0 0 0 0 0 
0.52972,0.461211,0.00906981,0,22.3778,-2.15517e+07
2446.07
Time: 46.190000
mutation done
selection done
Gen:72
0
0 0 0 0 0 0 0 0 0 0 
0.528764,0.462166,0.00906981,0,22.3769,-2.15508e+07
1690.29
Time: 47.330000
mutation done
selection done
Gen:73
0
0 0 0 0 0 0 0 0 0 0 
0.528749,0.462181,0.00906981,0,22.3753,-2.15493e+07
907.103
Time: 45.020000
mutation done
selection done
Gen:74
0
0 0 0 0 0 0 0 0 0 0 
0.528749,0.462181,0.00906981,0,22.3753,-2.15493e+07
2007.22
ratio: 0.000000 stable count: 1
Time: 48.580000
mutation done
selection done
Gen:75
0
0 0 0 0 0 0 0 0 0 0 
0.528749,0.462181,0.00906981,0,22.3753,-2.15493e+07
2652.42
ratio: 0.000000 stable count: 2
Time: 49.030000
mutation done
selection done
Gen:76
0
0 0 0 0 0 0 0 0 0 0 
0.528749,0.462181,0.00906981,0,22.3753,-2.15493e+07
3023.17
ratio: 0.000000 stable count: 3
Time: 46.530000
mutation done
selection done
Gen:77
0
0 0 0 0 0 0 0 0 0 0 
0.528749,0.462181,0.00906981,0,22.3753,-2.15493e+07
2293.45
ratio: 0.000000 stable count: 4
Time: 48.450000
mutation done
selection done
Gen:78
0
0 0 0 0 0 0 0 0 0 0 
0.529024,0.461906,0.00906981,0,22.3687,-2.1543e+07
2167.68
Time: 48.360000
mutation done
selection done
Gen:79
0
0 0 0 0 0 0 0 0 0 0 
0.529024,0.461906,0.00906981,0,22.3687,-2.1543e+07
3146.72
ratio: 0.000000 stable count: 4
Time: 44.660000
mutation done
selection done
Gen:80
0
0 0 0 0 0 0 0 0 0 0 
0.529024,0.461906,0.00906981,0,22.3687,-2.1543e+07
1487.54
ratio: 0.000000 stable count: 5
Time: 45.990000
mutation done
selection done
Gen:81
0
0 0 0 0 0 0 0 0 0 0 
0.529024,0.461906,0.00906981,0,22.3687,-2.1543e+07
1163.85
ratio: 0.000000 stable count: 6
Time: 45.800000
mutation done
selection done
Gen:82
0
0 0 0 0 0 0 0 0 0 0 
0.529024,0.461906,0.00906981,0,22.3687,-2.1543e+07
1279.56
ratio: 0.000000 stable count: 7
Time: 45.470000
mutation done
selection done
Gen:83
0
0 0 0 0 0 0 0 0 0 0 
0.529024,0.461906,0.00906981,0,22.3687,-2.1543e+07
1061.87
ratio: 0.000000 stable count: 8
Time: 46.780000
mutation done
selection done
Gen:84
0
0 0 0 0 0 0 0 0 0 0 
0.529024,0.461906,0.00906981,0,22.3687,-2.1543e+07
2322.2
ratio: 0.000000 stable count: 9
Time: 45.790000
mutation done
selection done
Gen:85
0
0 0 0 0 0 0 0 0 0 0 
0.529024,0.461906,0.00906981,0,22.3687,-2.1543e+07
1494.46
ratio: 0.000000 stable count: 10
Time: 45.900000
mutation done
selection done
Gen:86
0
0 0 0 0 0 0 0 0 0 0 
0.529024,0.461906,0.00906981,0,22.3687,-2.1543e+07
2763.56
ratio: 0.000000 stable count: 11
Time: 47.850000
mutation done
selection done
Gen:87
0
0 0 0 0 0 0 0 0 0 0 
0.529024,0.461906,0.00906981,0,22.3687,-2.1543e+07
2714.25
ratio: 0.000000 stable count: 12
Time: 45.190000
mutation done
selection done
Gen:88
0
0 0 0 0 0 0 0 0 0 0 
0.530317,0.461117,0.00856622,0,22.3676,-2.15419e+07
3041.29
Time: 44.990000
mutation done
selection done
Gen:89
0
0 0 0 0 0 0 0 0 0 0 
0.533598,0.458833,0.00756943,0,22.3493,-2.15243e+07
3610.83
Time: 46.680000
mutation done
selection done
Gen:90
0
0 0 0 0 0 0 0 0 0 0 
0.533598,0.458833,0.00756943,0,22.3486,-2.15236e+07
6925.63
Time: 45.580000
mutation done
selection done
Gen:91
0
0 0 0 0 0 0 0 0 0 0 
0.533598,0.458833,0.00756943,0,22.3486,-2.15236e+07
10192.5
ratio: 0.000000 stable count: 10
Time: 44.760000
mutation done
selection done
Gen:92
0
0 0 0 0 0 0 0 0 0 0 
0.533598,0.458833,0.00756943,0,22.3486,-2.15236e+07
6442.08
ratio: 0.000000 stable count: 11
Time: 47.480000
mutation done
selection done
Gen:93
0
0 0 0 0 0 0 0 0 0 0 
0.532398,0.45836,0.00924114,0,22.3459,-2.1521e+07
2535.07
Time: 45.470000
mutation done
selection done
Gen:94
0
0 0 0 0 0 0 0 0 0 0 
0.532398,0.45836,0.00924114,0,22.3459,-2.1521e+07
3525.94
ratio: 0.000000 stable count: 11
Time: 45.310000
mutation done
selection done
Gen:95
0
0 0 0 0 0 0 0 0 0 0 
0.532398,0.45836,0.00924114,0,22.3459,-2.1521e+07
2957.59
ratio: 0.000000 stable count: 12
Time: 44.720000
mutation done
selection done
Gen:96
0
0 0 0 0 0 0 0 0 0 0 
0.532398,0.45836,0.00924114,0,22.3459,-2.1521e+07
3124.42
ratio: 0.000000 stable count: 13
Time: 45.510000
mutation done
selection done
Gen:97
0
0 0 0 0 0 0 0 0 0 0 
0.532398,0.45836,0.00924114,0,22.3459,-2.1521e+07
3923.82
ratio: 0.000000 stable count: 14
Time: 45.670000
mutation done
selection done
Gen:98
0
0 0 0 0 0 0 0 0 0 0 
0.532398,0.45836,0.00924114,0,22.3459,-2.1521e+07
2319.28
ratio: 0.000000 stable count: 15
Time: 45.280000
mutation done
selection done
Gen:99
0
0 0 0 0 0 0 0 0 0 0 
0.532398,0.45836,0.00924114,0,22.3459,-2.1521e+07
2526.19
ratio: 0.000000 stable count: 16
Time: 44.760000
mutation done
selection done
Gen:100
0
0 0 0 0 0 0 0 0 0 0 
0.532398,0.45836,0.00924114,0,22.3459,-2.1521e+07
2192.59
ratio: 0.000000 stable count: 17
Time: 44.900000
mutation done
selection done
Gen:101
0
0 0 0 0 0 0 0 0 0 0 
0.532398,0.45836,0.00924114,0,22.3459,-2.1521e+07
2990.61
ratio: 0.000000 stable count: 18
Time: 44.880000
mutation done
selection done
Gen:102
0
0 0 0 0 0 0 0 0 0 0 
0.532398,0.45836,0.00924114,0,22.3459,-2.1521e+07
6256.29
ratio: 0.000000 stable count: 19
Time: 45.030000
mutation done
selection done
Gen:103
0
0 0 0 0 0 0 0 0 0 0 
0.532637,0.458122,0.00924114,0,22.3459,-2.1521e+07
2711.22
ratio: 0.000001 stable count: 20
Time: 45.300000
mutation done
selection done
Gen:104
0
0 0 0 0 0 0 0 0 0 0 
0.532637,0.458122,0.00924114,0,22.3459,-2.1521e+07
2875.52
ratio: 0.000000 stable count: 21
Time: 45.450000
mutation done
selection done
Gen:105
0
0 0 0 0 0 0 0 0 0 0 
0.532819,0.45794,0.00924114,0,22.3442,-2.15194e+07
3925.81
Time: 45.190000
mutation done
selection done
Gen:106
0
0 0 0 0 0 0 0 0 0 0 
0.532819,0.45794,0.00924114,0,22.3442,-2.15194e+07
4719.97
ratio: 0.000000 stable count: 21
Time: 45.030000
mutation done
selection done
Gen:107
0
0 0 0 0 0 0 0 0 0 0 
0.532819,0.45794,0.00924114,0,22.3442,-2.15194e+07
1240.84
ratio: 0.000000 stable count: 22
Time: 44.930000
mutation done
selection done
Gen:108
0
0 0 0 0 0 0 0 0 0 0 
0.532819,0.45794,0.00924114,0,22.3442,-2.15194e+07
1903.38
ratio: 0.000000 stable count: 23
Time: 44.070000
mutation done
selection done
Gen:109
0
0 0 0 0 0 0 0 0 0 0 
0.532819,0.45794,0.00924114,0,22.3442,-2.15194e+07
2851.38
ratio: 0.000000 stable count: 24
Time: 44.740000
mutation done
selection done
Gen:110
0
0 0 0 0 0 0 0 0 0 0 
0.532819,0.45794,0.00924114,0,22.3442,-2.15194e+07
2415.45
ratio: 0.000000 stable count: 25
Time: 44.820000
mutation done
selection done
Gen:111
0
0 0 0 0 0 0 0 0 0 0 
0.532819,0.45794,0.00924114,0,22.3442,-2.15194e+07
2982.75
ratio: 0.000000 stable count: 26
Time: 45.050000
mutation done
selection done
Gen:112
0
0 0 0 0 0 0 0 0 0 0 
0.532819,0.45794,0.00924114,0,22.3442,-2.15194e+07
3410.52
ratio: 0.000000 stable count: 27
Time: 44.930000
mutation done
selection done
Gen:113
0
0 0 0 0 0 0 0 0 0 0 
0.532819,0.45794,0.00924114,0,22.3442,-2.15194e+07
2602.89
ratio: 0.000000 stable count: 28
Time: 46.930000
mutation done
selection done
Gen:114
0
0 0 0 0 0 0 0 0 0 0 
0.532819,0.45794,0.00924114,0,22.3442,-2.15194e+07
984.444
ratio: 0.000000 stable count: 29
Time: 48.540000
mutation done
selection done
Gen:115
0
0 0 0 0 0 0 0 0 0 0 
0.532819,0.45794,0.00924114,0,22.3442,-2.15194e+07
1445.27
ratio: 0.000000 stable count: 30
Time: 47.020000
mutation done
selection done
Gen:116
0
0 0 0 0 0 0 0 0 0 0 
0.532819,0.45794,0.00924114,0,22.3442,-2.15194e+07
1275.1
ratio: 0.000000 stable count: 31
Time: 45.580000
mutation done
selection done
Gen:117
0
0 0 0 0 0 0 0 0 0 0 
0.532819,0.45794,0.00924114,0,22.3442,-2.15194e+07
2033.83
ratio: 0.000000 stable count: 32
Time: 46.350000
mutation done
selection done
Gen:118
0
0 0 0 0 0 0 0 0 0 0 
0.532819,0.45794,0.00924114,0,22.3442,-2.15194e+07
1756.07
ratio: 0.000000 stable count: 33
Time: 45.130000
mutation done
selection done
Gen:119
0
0 0 0 0 0 0 0 0 0 0 
0.532663,0.458096,0.00924114,0,22.3384,-2.15138e+07
6658.81
Time: 45.310000
mutation done
selection done
Gen:120
0
0 0 0 0 0 0 0 0 0 0 
0.532482,0.458277,0.00924114,0,22.3368,-2.15123e+07
2789.5
Time: 47.420000
mutation done
selection done
Gen:121
0
0 0 0 0 0 0 0 0 0 0 
0.532482,0.458277,0.00924114,0,22.3368,-2.15123e+07
4337.47
ratio: 0.000000 stable count: 32
Time: 44.360000
mutation done
selection done
Gen:122
0
0 0 0 0 0 0 0 0 0 0 
0.532482,0.458277,0.00924114,0,22.3368,-2.15123e+07
5652.84
ratio: 0.000000 stable count: 33
Time: 45.810000
mutation done
selection done
Gen:123
0
0 0 0 0 0 0 0 0 0 0 
0.532482,0.458277,0.00924114,0,22.3368,-2.15123e+07
3932.89
ratio: 0.000000 stable count: 34
Time: 47.940000
mutation done
selection done
Gen:124
0
0 0 0 0 0 0 0 0 0 0 
0.532482,0.458277,0.00924114,0,22.3368,-2.15123e+07
2239.75
ratio: 0.000000 stable count: 35
Time: 44.650000
mutation done
selection done
Gen:125
0
0 0 0 0 0 0 0 0 0 0 
0.532482,0.458277,0.00924114,0,22.3368,-2.15123e+07
1937.35
ratio: 0.000000 stable count: 36
Time: 44.690000
mutation done
selection done
Gen:126
0
0 0 0 0 0 0 0 0 0 0 
0.532482,0.458277,0.00924114,0,22.3368,-2.15123e+07
2451.08
ratio: 0.000000 stable count: 37
Time: 45.550000
mutation done
selection done
Gen:127
0
0 0 0 0 0 0 0 0 0 0 
0.533354,0.457405,0.00924114,0,22.3365,-2.1512e+07
3541.51
Time: 44.960000
mutation done
selection done
Gen:128
0
0 0 0 0 0 0 0 0 0 0 
0.53243,0.458329,0.00924114,0,22.3362,-2.15116e+07
2563.53
Time: 45.600000
mutation done
selection done
Gen:129
0
0 0 0 0 0 0 0 0 0 0 
0.53243,0.458329,0.00924114,0,22.3362,-2.15116e+07
1770.22
ratio: 0.000000 stable count: 36
Time: 45.340000
mutation done
selection done
Gen:130
0
0 0 0 0 0 0 0 0 0 0 
0.531386,0.459373,0.00924114,0,22.3293,-2.1505e+07
2005.1
Time: 45.050000
mutation done
selection done
Gen:131
0
0 0 0 0 0 0 0 0 0 0 
0.531386,0.459373,0.00924114,0,22.3293,-2.1505e+07
2642.28
ratio: 0.000000 stable count: 36
Time: 45.220000
mutation done
selection done
Gen:132
0
0 0 0 0 0 0 0 0 0 0 
0.531495,0.459331,0.00917365,0,22.3257,-2.15015e+07
2067.13
Time: 44.230000
mutation done
selection done
Gen:133
0
0 0 0 0 0 0 0 0 0 0 
0.531495,0.459331,0.00917365,0,22.3257,-2.15015e+07
6280.14
ratio: 0.000000 stable count: 36
Time: 45.130000
mutation done
selection done
Gen:134
0
0 0 0 0 0 0 0 0 0 0 
0.531495,0.459331,0.00917365,0,22.3257,-2.15015e+07
3359.54
ratio: 0.000000 stable count: 37
Time: 44.630000
mutation done
selection done
Gen:135
0
0 0 0 0 0 0 0 0 0 0 
0.531495,0.459331,0.00917365,0,22.3257,-2.15015e+07
4134.16
ratio: 0.000000 stable count: 38
Time: 45.420000
mutation done
selection done
Gen:136
0
0 0 0 0 0 0 0 0 0 0 
0.531495,0.459331,0.00917365,0,22.3257,-2.15015e+07
2157.96
ratio: 0.000000 stable count: 39
Time: 45.610000
mutation done
selection done
Gen:137
0
0 0 0 0 0 0 0 0 0 0 
0.531495,0.459331,0.00917365,0,22.3257,-2.15015e+07
2365.88
ratio: 0.000000 stable count: 40
Time: 45.070000
mutation done
selection done
Gen:138
0
0 0 0 0 0 0 0 0 0 0 
0.531495,0.459331,0.00917365,0,22.3257,-2.15015e+07
2606.29
ratio: 0.000000 stable count: 41
Time: 45.560000
mutation done
selection done
Gen:139
0
0 0 0 0 0 0 0 0 0 0 
0.531495,0.459331,0.00917365,0,22.3257,-2.15015e+07
2331.84
ratio: 0.000000 stable count: 42
Time: 45.030000
mutation done
selection done
Gen:140
0
0 0 0 0 0 0 0 0 0 0 
0.531495,0.459331,0.00917365,0,22.3257,-2.15015e+07
756.822
ratio: 0.000000 stable count: 43
Time: 44.840000
mutation done
selection done
Gen:141
0
0 0 0 0 0 0 0 0 0 0 
0.531495,0.459331,0.00917365,0,22.3257,-2.15015e+07
2168.8
ratio: 0.000000 stable count: 44
Time: 45.000000
mutation done
selection done
Gen:142
0
0 0 0 0 0 0 0 0 0 0 
0.531495,0.459331,0.00917365,0,22.3257,-2.15015e+07
2250.76
ratio: 0.000000 stable count: 45
Time: 44.480000
mutation done
selection done
Gen:143
0
0 0 0 0 0 0 0 0 0 0 
0.531495,0.459331,0.00917365,0,22.3257,-2.15015e+07
1070.99
ratio: 0.000000 stable count: 46
Time: 45.030000
mutation done
selection done
Gen:144
0
0 0 0 0 0 0 0 0 0 0 
0.531495,0.459331,0.00917365,0,22.3257,-2.15015e+07
721.38
ratio: 0.000000 stable count: 47
Time: 44.490000
mutation done
selection done
Gen:145
0
0 0 0 0 0 0 0 0 0 0 
0.531495,0.459331,0.00917365,0,22.3257,-2.15015e+07
2868.95
ratio: 0.000000 stable count: 48
Time: 44.450000
mutation done
selection done
Gen:146
0
0 0 0 0 0 0 0 0 0 0 
0.531495,0.459331,0.00917365,0,22.3257,-2.15015e+07
2555.26
ratio: 0.000000 stable count: 49
Time: 44.790000
mutation done
selection done
Gen:147
0
0 0 0 0 0 0 0 0 0 0 
0.531495,0.459331,0.00917365,0,22.3257,-2.15015e+07
2425.26
ratio: 0.000000 stable count: 50
Time: 44.340000
mutation done
selection done
Gen:148
0
0 0 0 0 0 0 0 0 0 0 
0.531495,0.459331,0.00917365,0,22.3257,-2.15015e+07
4058.85
ratio: 0.000000 stable count: 51
Time: 44.200000
mutation done
selection done
Gen:149
0
0 0 0 0 0 0 0 0 0 0 
0.531495,0.459331,0.00917365,0,22.3257,-2.15015e+07
2739.69
ratio: 0.000000 stable count: 52
Time: 44.280000
mutation done
selection done
Gen:150
0
0 0 0 0 0 0 0 0 0 0 
0.531495,0.459331,0.00917365,0,22.3257,-2.15015e+07
2525.99
ratio: 0.000000 stable count: 53
Time: 44.210000
mutation done
selection done
Gen:151
0
0 0 0 0 0 0 0 0 0 0 
0.531885,0.458874,0.00924114,0,22.3246,-2.15005e+07
2099.12
Time: 44.490000
mutation done
selection done
Gen:152
0
0 0 0 0 0 0 0 0 0 0 
0.531885,0.458874,0.00924114,0,22.3246,-2.15005e+07
2950.93
ratio: 0.000000 stable count: 53
Time: 44.990000
mutation done
selection done
Gen:153
0
0 0 0 0 0 0 0 0 0 0 
0.531885,0.458874,0.00924114,0,22.3246,-2.15005e+07
2679.81
ratio: 0.000000 stable count: 54
Time: 44.980000
mutation done
selection done
Gen:154
0
0 0 0 0 0 0 0 0 0 0 
0.531885,0.458874,0.00924114,0,22.3246,-2.15005e+07
3018.94
ratio: 0.000000 stable count: 55
Time: 45.790000
mutation done
selection done
Gen:155
0
0 0 0 0 0 0 0 0 0 0 
0.531885,0.458874,0.00924114,0,22.3246,-2.15005e+07
2356.23
ratio: 0.000000 stable count: 56
Time: 46.290000
mutation done
selection done
Gen:156
0
0 0 0 0 0 0 0 0 0 0 
0.531885,0.458874,0.00924114,0,22.3246,-2.15005e+07
2521.39
ratio: 0.000000 stable count: 57
Time: 44.560000
mutation done
selection done
Gen:157
0
0 0 0 0 0 0 0 0 0 0 
0.532004,0.458755,0.00924114,0,22.3224,-2.14984e+07
3528.66
Time: 45.750000
mutation done
selection done
Gen:158
0
0 0 0 0 0 0 0 0 0 0 
0.53217,0.458589,0.00924114,0,22.3216,-2.14976e+07
13060.5
Time: 47.980000
mutation done
selection done
Gen:159
0
0 0 0 0 0 0 0 0 0 0 
0.53217,0.458589,0.00924114,0,22.3216,-2.14976e+07
5023.85
ratio: 0.000000 stable count: 56
Time: 48.200000
mutation done
selection done
Gen:160
0
0 0 0 0 0 0 0 0 0 0 
0.53217,0.458589,0.00924114,0,22.3216,-2.14976e+07
3749.83
ratio: 0.000000 stable count: 57
Time: 47.770000
mutation done
selection done
Gen:161
0
0 0 0 0 0 0 0 0 0 0 
0.53217,0.458589,0.00924114,0,22.3216,-2.14976e+07
2957.07
ratio: 0.000000 stable count: 58
Time: 47.550000
mutation done
selection done
Gen:162
0
0 0 0 0 0 0 0 0 0 0 
0.53217,0.458589,0.00924114,0,22.3216,-2.14976e+07
3647.14
ratio: 0.000000 stable count: 59
Time: 47.260000
mutation done
selection done
Gen:163
0
0 0 0 0 0 0 0 0 0 0 
0.53217,0.458589,0.00924114,0,22.3216,-2.14976e+07
3879.53
ratio: 0.000000 stable count: 60
Time: 47.600000
mutation done
selection done
Gen:164
0
0 0 0 0 0 0 0 0 0 0 
0.53217,0.458589,0.00924114,0,22.3216,-2.14976e+07
4788.26
ratio: 0.000000 stable count: 61
Time: 48.060000
mutation done
selection done
Gen:165
0
0 0 0 0 0 0 0 0 0 0 
0.53217,0.458589,0.00924114,0,22.3216,-2.14976e+07
2953.45
ratio: 0.000000 stable count: 62
Time: 48.660000
mutation done
selection done
Gen:166
0
0 0 0 0 0 0 0 0 0 0 
0.532014,0.458812,0.00917365,0,22.3209,-2.14969e+07
2805.88
Time: 46.930000
mutation done
selection done
Gen:167
0
0 0 0 0 0 0 0 0 0 0 
0.532014,0.458812,0.00917365,0,22.3209,-2.14969e+07
6946.62
ratio: 0.000000 stable count: 62
Time: 44.040000
mutation done
selection done
Gen:168
0
0 0 0 0 0 0 0 0 0 0 
0.532014,0.458812,0.00917365,0,22.3209,-2.14969e+07
2432.24
ratio: 0.000000 stable count: 63
Time: 45.140000
mutation done
selection done
Gen:169
0
0 0 0 0 0 0 0 0 0 0 
0.532014,0.458812,0.00917365,0,22.3209,-2.14969e+07
1632.2
ratio: 0.000000 stable count: 64
Time: 45.620000
mutation done
selection done
Gen:170
0
0 0 0 0 0 0 0 0 0 0 
0.532014,0.458812,0.00917365,0,22.3209,-2.14969e+07
3053.06
ratio: 0.000000 stable count: 65
Time: 46.990000
mutation done
selection done
Gen:171
0
0 0 0 0 0 0 0 0 0 0 
0.532014,0.458812,0.00917365,0,22.3209,-2.14969e+07
2062.85
ratio: 0.000000 stable count: 66
Time: 46.350000
mutation done
selection done
Gen:172
0
0 0 0 0 0 0 0 0 0 0 
0.532014,0.458812,0.00917365,0,22.3209,-2.14969e+07
3047.46
ratio: 0.000000 stable count: 67
Time: 46.300000
mutation done
selection done
Gen:173
0
0 0 0 0 0 0 0 0 0 0 
0.532014,0.458812,0.00917365,0,22.3209,-2.14969e+07
2324.93
ratio: 0.000000 stable count: 68
Time: 44.600000
mutation done
selection done
Gen:174
0
0 0 0 0 0 0 0 0 0 0 
0.532014,0.458812,0.00917365,0,22.3209,-2.14969e+07
2516.22
ratio: 0.000000 stable count: 69
Time: 44.480000
mutation done
selection done
Gen:175
0
0 0 0 0 0 0 0 0 0 0 
0.532014,0.458812,0.00917365,0,22.3209,-2.14969e+07
4078.66
ratio: 0.000000 stable count: 70
Time: 44.620000
mutation done
selection done
Gen:176
0
0 0 0 0 0 0 0 0 0 0 
0.532014,0.458812,0.00917365,0,22.3209,-2.14969e+07
2908.76
ratio: 0.000000 stable count: 71
Time: 44.410000
mutation done
selection done
Gen:177
0
0 0 0 0 0 0 0 0 0 0 
0.532014,0.458812,0.00917365,0,22.3209,-2.14969e+07
1093.78
ratio: 0.000000 stable count: 72
Time: 44.650000
mutation done
selection done
Gen:178
0
0 0 0 0 0 0 0 0 0 0 
0.532014,0.458812,0.00917365,0,22.3209,-2.14969e+07
5328.46
ratio: 0.000000 stable count: 73
Time: 44.480000
mutation done
selection done
Gen:179
0
0 0 0 0 0 0 0 0 0 0 
0.532014,0.458812,0.00917365,0,22.3209,-2.14969e+07
1850.97
ratio: 0.000000 stable count: 74
Time: 43.820000
mutation done
selection done
Gen:180
0
0 0 0 0 0 0 0 0 0 0 
0.532014,0.458812,0.00917365,0,22.3209,-2.14969e+07
1198.55
ratio: 0.000000 stable count: 75
Time: 44.960000
mutation done
selection done
Gen:181
0
0 0 0 0 0 0 0 0 0 0 
0.532014,0.458812,0.00917365,0,22.3209,-2.14969e+07
2623.49
ratio: 0.000000 stable count: 76
Time: 45.090000
mutation done
selection done
Gen:182
0
0 0 0 0 0 0 0 0 0 0 
0.530083,0.461372,0.00854546,0,22.3202,-2.14963e+07
1907.86
Time: 45.450000
mutation done
selection done
Gen:183
0
0 0 0 0 0 0 0 0 0 0 
0.530083,0.461372,0.00854546,0,22.3202,-2.14963e+07
3503.5
ratio: 0.000000 stable count: 76
Time: 44.310000
mutation done
selection done
Gen:184
0
0 0 0 0 0 0 0 0 0 0 
0.531448,0.459939,0.00861295,0,22.316,-2.14922e+07
1264.21
Time: 44.790000
mutation done
selection done
Gen:185
0
0 0 0 0 0 0 0 0 0 0 
0.531448,0.459939,0.00861295,0,22.316,-2.14922e+07
2583.87
ratio: 0.000000 stable count: 76
Time: 44.690000
mutation done
selection done
Gen:186
0
0 0 0 0 0 0 0 0 0 0 
0.531448,0.459939,0.00861295,0,22.316,-2.14922e+07
3391.56
ratio: 0.000000 stable count: 77
Time: 44.850000
mutation done
selection done
Gen:187
0
0 0 0 0 0 0 0 0 0 0 
0.531448,0.459939,0.00861295,0,22.316,-2.14922e+07
3428.93
ratio: 0.000000 stable count: 78
Time: 45.450000
mutation done
selection done
Gen:188
0
0 0 0 0 0 0 0 0 0 0 
0.530831,0.460624,0.00854546,0,22.3148,-2.14911e+07
3459.79
Time: 45.030000
mutation done
selection done
Gen:189
0
0 0 0 0 0 0 0 0 0 0 
0.530888,0.461226,0.00788612,0,22.3141,-2.14904e+07
4783.79
Time: 44.080000
mutation done
selection done
Gen:190
0
0 0 0 0 0 0 0 0 0 0 
0.530888,0.461226,0.00788612,0,22.3121,-2.14885e+07
5004.07
Time: 44.110000
mutation done
selection done
Gen:191
0
0 0 0 0 0 0 0 0 0 0 
0.531204,0.460909,0.00788612,0,22.3118,-2.14882e+07
4602.85
Time: 43.970000
mutation done
selection done
Gen:192
0
0 0 0 0 0 0 0 0 0 0 
0.531204,0.460909,0.00788612,0,22.3118,-2.14882e+07
4255.17
ratio: 0.000000 stable count: 75
Time: 44.780000
mutation done
selection done
Gen:193
0
0 0 0 0 0 0 0 0 0 0 
0.531204,0.460909,0.00788612,0,22.3118,-2.14882e+07
1955.55
ratio: 0.000000 stable count: 76
Time: 46.390000
mutation done
selection done
Gen:194
0
0 0 0 0 0 0 0 0 0 0 
0.531204,0.460909,0.00788612,0,22.3118,-2.14882e+07
3471.27
ratio: 0.000000 stable count: 77
Time: 45.030000
mutation done
selection done
Gen:195
0
0 0 0 0 0 0 0 0 0 0 
0.532097,0.460126,0.00777709,0,22.3057,-2.14823e+07
1052.8
Time: 44.700000
mutation done
selection done
Gen:196
0
0 0 0 0 0 0 0 0 0 0 
0.532097,0.460126,0.00777709,0,22.3057,-2.14823e+07
5451.19
ratio: 0.000000 stable count: 77
Time: 45.000000
mutation done
selection done
Gen:197
0
0 0 0 0 0 0 0 0 0 0 
0.532097,0.460126,0.00777709,0,22.3057,-2.14823e+07
3701.78
ratio: 0.000000 stable count: 78
Time: 44.220000
mutation done
selection done
Gen:198
0
0 0 0 0 0 0 0 0 0 0 
0.532097,0.460126,0.00777709,0,22.3057,-2.14823e+07
2525.5
ratio: 0.000000 stable count: 79
Time: 43.380000
mutation done
selection done
Gen:199
0
0 0 0 0 0 0 0 0 0 0 
0.532097,0.460126,0.00777709,0,22.3057,-2.14823e+07
2664.96
ratio: 0.000000 stable count: 80
Time: 43.640000
mutation done
selection done
Gen:200
0
0 0 0 0 0 0 0 0 0 0 
0.532097,0.460126,0.00777709,0,22.3057,-2.14823e+07
3277.57
ratio: 0.000000 stable count: 81
Time: 44.030000
FINAL Population size
10
Best : -2.14823e+07   30:60-44-14-2-50-13-22-38-69-23-3-19-36-41-51-8-26-1-11-9-59-10-52-64-58-34-25-27-67-37- ,  30:22-36-41-51-56-8-52-20-43-50-0-69-18-65-39-48-29-23-2-14-60-17-10-16-26-30-63-6-47-40- ,  30:62-15-11-68-59-17-50-23-69-48-39-18-54-36-41-51-8-26-30-42-49-1-16-10-20-33-22-19-65-37- ,  29:5-37-65-32-18-38-22-33-43-50-23-69-66-19-36-41-35-6-63-24-42-49-26-8-51-34-25-27-12- ,  30:7-40-12-41-51-8-26-49-15-11-59-17-20-33-58-34-45-36-54-18-39-65-37-67-27-25-4-53-47-6- ,  30:40-4-25-57-35-6-63-30-26-1-31-11-59-10-28-8-51-41-12-27-67-5-32-18-38-22-33-20-55-52- ,  30:30-62-21-6-47-53-46-40-12-41-58-64-52-8-26-49-9-17-60-61-43-20-55-16-1-31-11-15-42-24- ,  30:42-62-24-21-6-35-41-27-67-18-19-22-33-20-52-64-51-57-34-45-36-38-66-48-3-23-50-17-9-31- ,  30:1-68-59-10-52-64-58-33-50-0-69-38-36-45-34-35-6-63-24-30-26-16-55-20-13-22-19-54-18-5- ,  30:44-14-2-0-69-18-37-67-27-41-51-8-26-62-49-1-16-55-10-28-56-6-21-30-15-11-59-17-43-13- ,  30:53-4-12-41-45-22-33-43-61-17-59-1-49-15-30-26-8-51-57-25-27-67-65-32-39-18-19-3-29-69- ,  29:58-51-35-64-52-20-17-60-61-43-33-50-2-0-69-38-36-41-25-4-7-47-6-56-8-55-16-9-68- ,  30:3-23-50-43-61-44-17-55-8-51-41-12-27-67-37-18-38-22-13-20-52-64-58-45-36-54-19-69-0-2- ,  26:40-53-4-12-41-36-38-69-0-3-66-54-5-65-39-48-29-19-22-33-58-35-6-47-7-46- ,  30:32-54-36-41-57-58-33-50-2-14-61-17-10-28-56-6-47-53-46-7-4-25-34-45-22-13-43-20-52-8- , 

0.532097
0.460126
0.00777709
0
22.3057
-2.14823e+07
mutation constructed
Initial : -2.23361e+07
0.45834
0.499001
0.0413411
0.00131868
23.1314

-----------------------------------------
Iteration:0 started

mutation done
selection done
Gen:0
0
0 1 2 3 4 5 6 7 8 9 
0.461107,0.497921,0.0409725,0,23.0632,-2.22119e+07
908598
Time: 33.010000
mutation done
selection done
Gen:1
0
0 1 2 0 0 1 0 0 0 1 
0.468998,0.50319,0.0275469,0.000264774,22.9199,-2.20857e+07
183506
Time: 35.690000
mutation done
selection done
Gen:2
0
0 0 0 0 0 0 0 0 0 0 
0.476396,0.492937,0.0304023,0.000264774,22.8861,-2.20531e+07
70272.4
Time: 35.200000
mutation done
selection done
Gen:3
0
0 0 0 0 0 0 0 0 0 0 
0.486094,0.488783,0.0251224,0,22.8352,-2.19922e+07
13797.2
Time: 34.840000
mutation done
selection done
Gen:4
0
0 0 0 0 0 0 0 0 0 0 
0.496,0.482772,0.0212287,0,22.8144,-2.19723e+07
30641.1
Time: 35.190000
mutation done
selection done
Gen:5
0
0 0 0 0 0 0 0 0 0 0 
0.496047,0.479771,0.0241827,0,22.7062,-2.1868e+07
26345.7
Time: 36.040000
mutation done
selection done
Gen:6
0
0 0 0 0 0 0 0 0 0 0 
0.494982,0.480835,0.0241827,0,22.7025,-2.18644e+07
42434.3
Time: 36.790000
mutation done
selection done
Gen:7
0
0 0 0 0 0 0 0 0 0 0 
0.500127,0.484334,0.0155386,0,22.6686,-2.18318e+07
37074.7
Time: 36.930000
mutation done
selection done
Gen:8
0
0 0 0 0 0 0 0 0 0 0 
0.500189,0.484272,0.0155386,0,22.6648,-2.18282e+07
21675.1
Time: 37.620000
mutation done
selection done
Gen:9
0
0 0 0 0 0 0 0 0 0 0 
0.500979,0.483483,0.0155386,0,22.6614,-2.18248e+07
10251.7
Time: 37.970000
mutation done
selection done
Gen:10
0
0 0 0 0 0 0 0 0 0 0 
0.500023,0.483929,0.0160474,0,22.6417,-2.18059e+07
6465.69
Time: 38.270000
mutation done
selection done
Gen:11
0
0 0 0 0 0 0 0 0 0 0 
0.505111,0.480191,0.0146976,0,22.5778,-2.17443e+07
7299.11
Time: 38.570000
mutation done
selection done
Gen:12
0
0 0 0 0 0 0 0 0 0 0 
0.505869,0.479433,0.0146976,0,22.5742,-2.17408e+07
21505.6
Time: 40.060000
mutation done
selection done
Gen:13
0
0 0 0 0 0 0 0 0 0 0 
0.506762,0.478535,0.0147028,0,22.5576,-2.17249e+07
28794.6
Time: 41.580000
mutation done
selection done
Gen:14
0
0 0 0 0 0 0 0 0 0 0 
0.506762,0.478535,0.0147028,0,22.5576,-2.17249e+07
19771.7
ratio: 0.000000 stable count: 1
Time: 41.160000
mutation done
selection done
Gen:15
0
0 0 0 0 0 0 0 0 0 0 
0.506139,0.478655,0.0152063,0,22.5567,-2.17241e+07
7162.24
Time: 41.760000
mutation done
selection done
Gen:16
0
0 0 0 0 0 0 0 0 0 0 
0.506892,0.478006,0.0151025,0,22.5362,-2.17043e+07
7325.08
Time: 41.310000
mutation done
selection done
Gen:17
0
0 0 0 0 0 0 0 0 0 0 
0.507297,0.477601,0.0151025,0,22.5307,-2.1699e+07
8534.03
Time: 41.460000
mutation done
selection done
Gen:18
0
0 0 0 0 0 0 0 0 0 0 
0.509415,0.477434,0.0131504,0,22.5191,-2.16878e+07
8037.19
Time: 44.030000
mutation done
selection done
Gen:19
0
0 0 0 0 0 0 0 0 0 0 
0.510376,0.476905,0.0127195,0,22.515,-2.16838e+07
5880.31
Time: 43.380000
mutation done
selection done
Gen:20
0
0 0 0 0 0 0 0 0 0 0 
0.511289,0.475991,0.0127195,0,22.5101,-2.16792e+07
4094.82
Time: 41.340000
mutation done
selection done
Gen:21
0
0 0 0 0 0 0 0 0 0 0 
0.508512,0.477564,0.013924,0,22.5003,-2.16697e+07
3736.42
Time: 41.740000
mutation done
selection done
Gen:22
0
0 0 0 0 0 0 0 0 0 0 
0.50995,0.476126,0.013924,0,22.4942,-2.16638e+07
9284.1
Time: 41.980000
mutation done
selection done
Gen:23
0
0 0 0 0 0 0 0 0 0 0 
0.515391,0.471599,0.0130103,0,22.4921,-2.16618e+07
5126.28
Time: 42.130000
mutation done
selection done
Gen:24
0
0 0 0 0 0 0 0 0 0 0 
0.516117,0.470872,0.0130103,0,22.4866,-2.16565e+07
1936.92
Time: 42.730000
mutation done
selection done
Gen:25
0
0 0 0 0 0 0 0 0 0 0 
0.516512,0.470478,0.0130103,0,22.4837,-2.16537e+07
5059.91
Time: 42.520000
mutation done
selection done
Gen:26
0
0 0 0 0 0 0 0 0 0 0 
0.513864,0.471921,0.0142147,0,22.4719,-2.16424e+07
6184.26
Time: 42.810000
mutation done
selection done
Gen:27
0
0 0 0 0 0 0 0 0 0 0 
0.518054,0.469284,0.0126624,0,22.4412,-2.16128e+07
5058.72
Time: 42.880000
mutation done
selection done
Gen:28
0
0 0 0 0 0 0 0 0 0 0 
0.518552,0.469216,0.0122315,0,22.4386,-2.16103e+07
12231.7
Time: 43.050000
mutation done
selection done
Gen:29
0
0 0 0 0 0 0 0 0 0 0 
0.518682,0.469086,0.0122315,0,22.4379,-2.16096e+07
14554.9
Time: 43.690000
mutation done
selection done
Gen:30
0
0 0 0 0 0 0 0 0 0 0 
0.518552,0.470005,0.0114424,0,22.4235,-2.15957e+07
6313.23
Time: 43.880000
mutation done
selection done
Gen:31
0
0 0 0 0 0 0 0 0 0 0 
0.518552,0.470005,0.0114424,0,22.4235,-2.15957e+07
8724.86
ratio: 0.000000 stable count: 1
Time: 44.010000
mutation done
selection done
Gen:32
0
0 0 0 0 0 0 0 0 0 0 
0.518402,0.468162,0.013436,0,22.4161,-2.15887e+07
8081.08
Time: 44.300000
mutation done
selection done
Gen:33
0
0 0 0 0 0 0 0 0 0 0 
0.519212,0.467352,0.013436,0,22.4153,-2.15879e+07
4892.34
Time: 43.930000
mutation done
selection done
Gen:34
0
0 0 0 0 0 0 0 0 0 0 
0.51875,0.467814,0.013436,0,22.415,-2.15875e+07
3604.17
Time: 44.220000
mutation done
selection done
Gen:35
0
0 0 0 0 0 0 0 0 0 0 
0.518957,0.467607,0.013436,0,22.4146,-2.15871e+07
3103.33
Time: 44.480000
mutation done
selection done
Gen:36
0
0 0 0 0 0 0 0 0 0 0 
0.519695,0.466439,0.0138669,0,22.4094,-2.15822e+07
2402.65
Time: 44.230000
mutation done
selection done
Gen:37
0
0 0 0 0 0 0 0 0 0 0 
0.520219,0.465914,0.0138669,0,22.3909,-2.15644e+07
3126.63
Time: 44.430000
mutation done
selection done
Gen:38
0
0 0 0 0 0 0 0 0 0 0 
0.52093,0.465203,0.0138669,0,22.3888,-2.15623e+07
6856.17
Time: 44.600000
mutation done
selection done
Gen:39
0
0 0 0 0 0 0 0 0 0 0 
0.52093,0.465203,0.0138669,0,22.3888,-2.15623e+07
11424.4
ratio: 0.000000 stable count: 1
Time: 44.770000
mutation done
selection done
Gen:40
0
0 0 0 0 0 0 0 0 0 0 
0.520208,0.465317,0.0144743,0,22.3873,-2.15609e+07
8886.02
Time: 45.300000
mutation done
selection done
Gen:41
0
0 0 0 0 0 0 0 0 0 0 
0.521418,0.464108,0.0144743,0,22.3851,-2.15587e+07
5295.1
Time: 46.130000
mutation done
selection done
Gen:42
0
0 0 0 0 0 0 0 0 0 0 
0.521418,0.464108,0.0144743,0,22.3851,-2.15587e+07
3292.56
ratio: 0.000000 stable count: 1
Time: 47.620000
mutation done
selection done
Gen:43
0
0 0 0 0 0 0 0 0 0 0 
0.521418,0.464108,0.0144743,0,22.3851,-2.15587e+07
5306.9
ratio: 0.000000 stable count: 2
Time: 44.620000
mutation done
selection done
Gen:44
0
0 0 0 0 0 0 0 0 0 0 
0.521418,0.464108,0.0144743,0,22.3851,-2.15587e+07
2770.13
ratio: 0.000000 stable count: 3
Time: 45.200000
mutation done
selection done
Gen:45
0
0 0 0 0 0 0 0 0 0 0 
0.521325,0.464201,0.0144743,0,22.3827,-2.15564e+07
1852.67
Time: 44.900000
mutation done
selection done
Gen:46
0
0 0 0 0 0 0 0 0 0 0 
0.521325,0.464201,0.0144743,0,22.3827,-2.15564e+07
3485.31
ratio: 0.000000 stable count: 3
Time: 44.930000
mutation done
selection done
Gen:47
0
0 0 0 0 0 0 0 0 0 0 
0.521325,0.464201,0.0144743,0,22.3827,-2.15564e+07
2917.87
ratio: 0.000000 stable count: 4
Time: 44.940000
mutation done
selection done
Gen:48
0
0 0 0 0 0 0 0 0 0 0 
0.521325,0.464201,0.0144743,0,22.3827,-2.15564e+07
3379.6
ratio: 0.000000 stable count: 5
Time: 44.780000
mutation done
selection done
Gen:49
0
0 0 0 0 0 0 0 0 0 0 
0.521631,0.463895,0.0144743,0,22.382,-2.15558e+07
2814.43
Time: 44.760000
mutation done
selection done
Gen:50
0
0 0 0 0 0 0 0 0 0 0 
0.521325,0.464201,0.0144743,0,22.3817,-2.15555e+07
3955.42
Time: 44.870000
mutation done
selection done
Gen:51
0
0 0 0 0 0 0 0 0 0 0 
0.521325,0.464201,0.0144743,0,22.3817,-2.15555e+07
3485.64
ratio: 0.000000 stable count: 4
Time: 45.090000
mutation done
selection done
Gen:52
0
0 0 0 0 0 0 0 0 0 0 
0.522041,0.463485,0.0144743,0,22.3805,-2.15543e+07
2916.23
Time: 45.100000
mutation done
selection done
Gen:53
0
0 0 0 0 0 0 0 0 0 0 
0.522431,0.463095,0.0144743,0,22.3787,-2.15526e+07
2419.11
Time: 45.040000
mutation done
selection done
Gen:54
0
0 0 0 0 0 0 0 0 0 0 
0.522431,0.463095,0.0144743,0,22.3787,-2.15526e+07
2595.9
ratio: 0.000000 stable count: 3
Time: 45.410000
mutation done
selection done
Gen:55
0
0 0 0 0 0 0 0 0 0 0 
0.522431,0.463095,0.0144743,0,22.3787,-2.15526e+07
4570.28
ratio: 0.000000 stable count: 4
Time: 45.770000
mutation done
selection done
Gen:56
0
0 0 0 0 0 0 0 0 0 0 
0.522431,0.463095,0.0144743,0,22.3787,-2.15526e+07
4333.64
ratio: 0.000000 stable count: 5
Time: 45.100000
mutation done
selection done
Gen:57
0
0 0 0 0 0 0 0 0 0 0 
0.522431,0.463095,0.0144743,0,22.3787,-2.15526e+07
1937.04
ratio: 0.000000 stable count: 6
Time: 45.320000
mutation done
selection done
Gen:58
0
0 0 0 0 0 0 0 0 0 0 
0.522431,0.463095,0.0144743,0,22.3787,-2.15526e+07
2836.68
ratio: 0.000000 stable count: 7
Time: 45.770000
mutation done
selection done
Gen:59
0
0 0 0 0 0 0 0 0 0 0 
0.522431,0.463095,0.0144743,0,22.3787,-2.15526e+07
4044.18
ratio: 0.000000 stable count: 8
Time: 45.110000
mutation done
selection done
Gen:60
0
0 0 0 0 0 0 0 0 0 0 
0.522332,0.463625,0.0140434,0,22.3783,-2.15522e+07
2017.9
Time: 44.920000
mutation done
selection done
Gen:61
0
0 0 0 0 0 0 0 0 0 0 
0.522332,0.463625,0.0140434,0,22.3783,-2.15522e+07
2728.12
ratio: 0.000000 stable count: 8
Time: 45.130000
mutation done
selection done
Gen:62
0
0 0 0 0 0 0 0 0 0 0 
0.522332,0.463625,0.0140434,0,22.3783,-2.15522e+07
3723.34
ratio: 0.000000 stable count: 9
Time: 44.970000
mutation done
selection done
Gen:63
0
0 0 0 0 0 0 0 0 0 0 
0.523365,0.462846,0.013789,0,22.3737,-2.15478e+07
2286.38
Time: 44.860000
mutation done
selection done
Gen:64
0
0 0 0 0 0 0 0 0 0 0 
0.523365,0.462846,0.013789,0,22.3737,-2.15478e+07
1994.1
ratio: 0.000000 stable count: 9
Time: 44.640000
mutation done
selection done
Gen:65
0
0 0 0 0 0 0 0 0 0 0 
0.523365,0.462846,0.013789,0,22.3737,-2.15478e+07
3910.24
ratio: 0.000000 stable count: 10
Time: 44.750000
mutation done
selection done
Gen:66
0
0 0 0 0 0 0 0 0 0 0 
0.523365,0.462846,0.013789,0,22.3737,-2.15478e+07
2719.74
ratio: 0.000000 stable count: 11
Time: 44.980000
mutation done
selection done
Gen:67
0
0 0 0 0 0 0 0 0 0 0 
0.523365,0.462846,0.013789,0,22.3737,-2.15478e+07
5462.9
ratio: 0.000000 stable count: 12
Time: 44.880000
mutation done
selection done
Gen:68
0
0 0 0 0 0 0 0 0 0 0 
0.523365,0.462846,0.013789,0,22.3737,-2.15478e+07
4598.17
ratio: 0.000000 stable count: 13
Time: 44.990000
mutation done
selection done
Gen:69
0
0 0 0 0 0 0 0 0 0 0 
0.523365,0.462846,0.013789,0,22.3737,-2.15478e+07
2618.46
ratio: 0.000000 stable count: 14
Time: 44.340000
mutation done
selection done
Gen:70
0
0 0 0 0 0 0 0 0 0 0 
0.523365,0.462846,0.013789,0,22.3737,-2.15478e+07
2643.63
ratio: 0.000000 stable count: 15
Time: 44.660000
mutation done
selection done
Gen:71
0
0 0 0 0 0 0 0 0 0 0 
0.523365,0.462846,0.013789,0,22.3737,-2.15478e+07
2416.24
ratio: 0.000000 stable count: 16
Time: 44.560000
mutation done
selection done
Gen:72
0
0 0 0 0 0 0 0 0 0 0 
0.524362,0.461849,0.013789,0,22.3717,-2.15459e+07
2887.68
Time: 44.770000
mutation done
selection done
Gen:73
0
0 0 0 0 0 0 0 0 0 0 
0.524362,0.461849,0.013789,0,22.3717,-2.15459e+07
1533.85
ratio: 0.000000 stable count: 16
Time: 44.860000
mutation done
selection done
Gen:74
0
0 0 0 0 0 0 0 0 0 0 
0.524362,0.461849,0.013789,0,22.3717,-2.15459e+07
1457
ratio: 0.000000 stable count: 17
Time: 44.960000
mutation done
selection done
Gen:75
0
0 0 0 0 0 0 0 0 0 0 
0.5273,0.460286,0.0124132,0,22.3686,-2.15429e+07
1379.28
Time: 44.950000
mutation done
selection done
Gen:76
0
0 0 0 0 0 0 0 0 0 0 
0.5273,0.460286,0.0124132,0,22.3686,-2.15429e+07
2821.54
ratio: 0.000000 stable count: 17
Time: 44.920000
mutation done
selection done
Gen:77
0
0 0 0 0 0 0 0 0 0 0 
0.5273,0.460286,0.0124132,0,22.3686,-2.15429e+07
1329.14
ratio: 0.000000 stable count: 18
Time: 45.030000
mutation done
selection done
Gen:78
0
0 0 0 0 0 0 0 0 0 0 
0.5273,0.460286,0.0124132,0,22.3686,-2.15429e+07
3615.7
ratio: 0.000000 stable count: 19
Time: 45.380000
mutation done
selection done
Gen:79
0
0 0 0 0 0 0 0 0 0 0 
0.5273,0.460286,0.0124132,0,22.3686,-2.15429e+07
2641.79
ratio: 0.000000 stable count: 20
Time: 45.240000
mutation done
selection done
Gen:80
0
0 0 0 0 0 0 0 0 0 0 
0.5273,0.460286,0.0124132,0,22.3686,-2.15429e+07
3639.37
ratio: 0.000000 stable count: 21
Time: 44.840000
mutation done
selection done
Gen:81
0
0 0 0 0 0 0 0 0 0 0 
0.525203,0.462384,0.0124132,0,22.3666,-2.1541e+07
3412.99
Time: 44.990000
mutation done
selection done
Gen:82
0
0 0 0 0 0 0 0 0 0 0 
0.525083,0.462503,0.0124132,0,22.3664,-2.15407e+07
3257.87
Time: 45.340000
mutation done
selection done
Gen:83
0
0 0 0 0 0 0 0 0 0 0 
0.525083,0.462503,0.0124132,0,22.3664,-2.15407e+07
1186.55
ratio: 0.000000 stable count: 20
Time: 45.540000
mutation done
selection done
Gen:84
0
0 0 0 0 0 0 0 0 0 0 
0.525083,0.462503,0.0124132,0,22.3664,-2.15407e+07
2529.58
ratio: 0.000000 stable count: 21
Time: 45.500000
mutation done
selection done
Gen:85
0
0 0 0 0 0 0 0 0 0 0 
0.525083,0.462503,0.0124132,0,22.3664,-2.15407e+07
1670.4
ratio: 0.000000 stable count: 22
Time: 45.210000
mutation done
selection done
Gen:86
0
0 0 0 0 0 0 0 0 0 0 
0.526615,0.460972,0.0124132,0,22.3606,-2.15352e+07
3316.23
Time: 44.940000
mutation done
selection done
Gen:87
0
0 0 0 0 0 0 0 0 0 0 
0.526615,0.460972,0.0124132,0,22.3606,-2.15352e+07
3175.85
ratio: 0.000000 stable count: 22
Time: 45.020000
mutation done
selection done
Gen:88
0
0 0 0 0 0 0 0 0 0 0 
0.526984,0.460603,0.0124132,0,22.3605,-2.15351e+07
4562.33
ratio: 0.000004 stable count: 23
Time: 45.230000
mutation done
selection done
Gen:89
0
0 0 0 0 0 0 0 0 0 0 
0.526984,0.460603,0.0124132,0,22.3605,-2.15351e+07
4036.49
ratio: 0.000000 stable count: 24
Time: 45.070000
mutation done
selection done
Gen:90
0
0 0 0 0 0 0 0 0 0 0 
0.526984,0.460603,0.0124132,0,22.3605,-2.15351e+07
2898.08
ratio: 0.000000 stable count: 25
Time: 44.470000
mutation done
selection done
Gen:91
0
0 0 0 0 0 0 0 0 0 0 
0.526984,0.460603,0.0124132,0,22.3605,-2.15351e+07
2308.4
ratio: 0.000000 stable count: 26
Time: 45.050000
mutation done
selection done
Gen:92
0
0 0 0 0 0 0 0 0 0 0 
0.526984,0.460603,0.0124132,0,22.3605,-2.15351e+07
2286.77
ratio: 0.000000 stable count: 27
Time: 44.650000
mutation done
selection done
Gen:93
0
0 0 0 0 0 0 0 0 0 0 
0.526984,0.460603,0.0124132,0,22.3605,-2.15351e+07
1261.89
ratio: 0.000000 stable count: 28
Time: 45.250000
mutation done
selection done
Gen:94
0
0 0 0 0 0 0 0 0 0 0 
0.526984,0.460603,0.0124132,0,22.3605,-2.15351e+07
2523.03
ratio: 0.000000 stable count: 29
Time: 45.120000
mutation done
selection done
Gen:95
0
0 0 0 0 0 0 0 0 0 0 
0.527373,0.460214,0.0124132,0,22.3593,-2.15339e+07
2144.98
Time: 45.150000
mutation done
selection done
Gen:96
0
0 0 0 0 0 0 0 0 0 0 
0.527555,0.460536,0.0119096,0,22.357,-2.15317e+07
1923.89
Time: 45.010000
mutation done
selection done
Gen:97
0
0 0 0 0 0 0 0 0 0 0 
0.527555,0.460536,0.0119096,0,22.357,-2.15317e+07
3407.45
ratio: 0.000000 stable count: 28
Time: 45.120000
mutation done
selection done
Gen:98
0
0 0 0 0 0 0 0 0 0 0 
0.527555,0.460536,0.0119096,0,22.357,-2.15317e+07
5003.72
ratio: 0.000000 stable count: 29
Time: 45.060000
mutation done
selection done
Gen:99
0
0 0 0 0 0 0 0 0 0 0 
0.527555,0.460536,0.0119096,0,22.357,-2.15317e+07
2757.95
ratio: 0.000000 stable count: 30
Time: 45.260000
mutation done
selection done
Gen:100
0
0 0 0 0 0 0 0 0 0 0 
0.527555,0.460536,0.0119096,0,22.357,-2.15317e+07
2743.78
ratio: 0.000000 stable count: 31
Time: 45.410000
mutation done
selection done
Gen:101
0
0 0 0 0 0 0 0 0 0 0 
0.528219,0.459871,0.0119096,0,22.3484,-2.15234e+07
2660.84
Time: 45.390000
mutation done
selection done
Gen:102
0
0 0 0 0 0 0 0 0 0 0 
0.528219,0.459871,0.0119096,0,22.3484,-2.15234e+07
5144.57
ratio: 0.000000 stable count: 31
Time: 45.010000
mutation done
selection done
Gen:103
0
0 0 0 0 0 0 0 0 0 0 
0.528219,0.459871,0.0119096,0,22.3484,-2.15234e+07
5411.35
ratio: 0.000000 stable count: 32
Time: 45.030000
mutation done
selection done
Gen:104
0
0 0 0 0 0 0 0 0 0 0 
0.528219,0.459871,0.0119096,0,22.3484,-2.15234e+07
5010.45
ratio: 0.000000 stable count: 33
Time: 45.030000
mutation done
selection done
Gen:105
0
0 0 0 0 0 0 0 0 0 0 
0.528219,0.459871,0.0119096,0,22.3484,-2.15234e+07
2110.86
ratio: 0.000000 stable count: 34
Time: 44.860000
mutation done
selection done
Gen:106
0
0 0 0 0 0 0 0 0 0 0 
0.528718,0.459373,0.0119096,0,22.3477,-2.15227e+07
1364.58
Time: 45.330000
mutation done
selection done
Gen:107
0
0 0 0 0 0 0 0 0 0 0 
0.528718,0.459373,0.0119096,0,22.3477,-2.15227e+07
3271.54
ratio: 0.000000 stable count: 34
Time: 45.630000
mutation done
selection done
Gen:108
0
0 0 0 0 0 0 0 0 0 0 
0.528718,0.459373,0.0119096,0,22.3461,-2.15212e+07
2318.87
Time: 45.090000
mutation done
selection done
Gen:109
0
0 0 0 0 0 0 0 0 0 0 
0.528718,0.459373,0.0119096,0,22.3461,-2.15212e+07
1095.24
ratio: 0.000000 stable count: 34
Time: 45.200000
mutation done
selection done
Gen:110
0
0 0 0 0 0 0 0 0 0 0 
0.529304,0.458786,0.0119096,0,22.3428,-2.1518e+07
1834.13
Time: 45.160000
mutation done
selection done
Gen:111
0
0 0 0 0 0 0 0 0 0 0 
0.529304,0.458786,0.0119096,0,22.3428,-2.1518e+07
2667.26
ratio: 0.000000 stable count: 34
Time: 45.570000
mutation done
selection done
Gen:112
0
0 0 0 0 0 0 0 0 0 0 
0.529304,0.458786,0.0119096,0,22.3428,-2.1518e+07
2257.55
ratio: 0.000000 stable count: 35
Time: 45.470000
mutation done
selection done
Gen:113
0
0 0 0 0 0 0 0 0 0 0 
0.529346,0.458745,0.0119096,0,22.3419,-2.15172e+07
2884.6
Time: 45.280000
mutation done
selection done
Gen:114
0
0 0 0 0 0 0 0 0 0 0 
0.529346,0.458745,0.0119096,0,22.3419,-2.15172e+07
2583.08
ratio: 0.000000 stable count: 35
Time: 45.510000
mutation done
selection done
Gen:115
0
0 0 0 0 0 0 0 0 0 0 
0.529346,0.458745,0.0119096,0,22.3419,-2.15172e+07
2435.16
ratio: 0.000000 stable count: 36
Time: 45.680000
mutation done
selection done
Gen:116
0
0 0 0 0 0 0 0 0 0 0 
0.527228,0.460691,0.012081,0,22.3408,-2.15161e+07
1525.5
Time: 45.560000
mutation done
selection done
Gen:117
0
0 0 0 0 0 0 0 0 0 0 
0.527228,0.460691,0.012081,0,22.3408,-2.15161e+07
2901.83
ratio: 0.000000 stable count: 36
Time: 45.680000
mutation done
selection done
Gen:118
0
0 0 0 0 0 0 0 0 0 0 
0.527228,0.460691,0.012081,0,22.3408,-2.15161e+07
1797.67
ratio: 0.000000 stable count: 37
Time: 45.640000
mutation done
selection done
Gen:119
0
0 0 0 0 0 0 0 0 0 0 
0.530742,0.4574,0.0118577,0,22.3396,-2.1515e+07
1379.14
Time: 45.790000
mutation done
selection done
Gen:120
0
0 0 0 0 0 0 0 0 0 0 
0.530742,0.4574,0.0118577,0,22.3396,-2.1515e+07
3299.72
ratio: 0.000000 stable count: 37
Time: 45.330000
mutation done
selection done
Gen:121
0
0 0 0 0 0 0 0 0 0 0 
0.530742,0.4574,0.0118577,0,22.3396,-2.1515e+07
4111.73
ratio: 0.000000 stable count: 38
Time: 45.290000
mutation done
selection done
Gen:122
0
0 0 0 0 0 0 0 0 0 0 
0.530867,0.457275,0.0118577,0,22.3393,-2.15146e+07
3156.92
Time: 45.120000
mutation done
selection done
Gen:123
0
0 0 0 0 0 0 0 0 0 0 
0.530867,0.457275,0.0118577,0,22.3393,-2.15146e+07
3411.98
ratio: 0.000000 stable count: 38
Time: 44.980000
mutation done
selection done
Gen:124
0
0 0 0 0 0 0 0 0 0 0 
0.530867,0.457275,0.0118577,0,22.3393,-2.15146e+07
3084.11
ratio: 0.000000 stable count: 39
Time: 45.250000
mutation done
selection done
Gen:125
0
0 0 0 0 0 0 0 0 0 0 
0.530867,0.457275,0.0118577,0,22.3393,-2.15146e+07
1263.54
ratio: 0.000000 stable count: 40
Time: 45.140000
mutation done
selection done
Gen:126
0
0 0 0 0 0 0 0 0 0 0 
0.530867,0.457275,0.0118577,0,22.3393,-2.15146e+07
1750.29
ratio: 0.000000 stable count: 41
Time: 45.040000
mutation done
selection done
Gen:127
0
0 0 0 0 0 0 0 0 0 0 
0.530867,0.457275,0.0118577,0,22.3393,-2.15146e+07
3037.1
ratio: 0.000000 stable count: 42
Time: 45.100000
mutation done
selection done
Gen:128
0
0 0 0 0 0 0 0 0 0 0 
0.528692,0.458537,0.0127715,0,22.3391,-2.15145e+07
2589.83
ratio: 0.000006 stable count: 43
Time: 44.900000
mutation done
selection done
Gen:129
0
0 0 0 0 0 0 0 0 0 0 
0.528692,0.458537,0.0127715,0,22.3391,-2.15145e+07
3775.3
ratio: 0.000000 stable count: 44
Time: 45.190000
mutation done
selection done
Gen:130
0
0 0 0 0 0 0 0 0 0 0 
0.530742,0.4574,0.0118577,0,22.338,-2.15134e+07
2314.79
Time: 44.950000
mutation done
selection done
Gen:131
0
0 0 0 0 0 0 0 0 0 0 
0.530742,0.4574,0.0118577,0,22.338,-2.15134e+07
2682.09
ratio: 0.000000 stable count: 44
Time: 45.290000
mutation done
selection done
Gen:132
0
0 0 0 0 0 0 0 0 0 0 
0.530441,0.457701,0.0118577,0,22.3346,-2.15101e+07
2181.25
Time: 44.990000
mutation done
selection done
Gen:133
0
0 0 0 0 0 0 0 0 0 0 
0.530441,0.457701,0.0118577,0,22.3346,-2.15101e+07
3507.69
ratio: 0.000000 stable count: 44
Time: 44.850000
mutation done
selection done
Gen:134
0
0 0 0 0 0 0 0 0 0 0 
0.531038,0.45619,0.0127715,0,22.3338,-2.15094e+07
3227.62
Time: 45.150000
mutation done
selection done
Gen:135
0
0 0 0 0 0 0 0 0 0 0 
0.532087,0.456055,0.0118577,0,22.331,-2.15067e+07
2198.46
Time: 47.550000
mutation done
selection done
Gen:136
0
0 0 0 0 0 0 0 0 0 0 
0.532087,0.456055,0.0118577,0,22.331,-2.15067e+07
2309.87
ratio: 0.000000 stable count: 43
Time: 45.130000
mutation done
selection done
Gen:137
0
0 0 0 0 0 0 0 0 0 0 
0.532087,0.456055,0.0118577,0,22.331,-2.15067e+07
2150.87
ratio: 0.000000 stable count: 44
Time: 45.260000
mutation done
selection done
Gen:138
0
0 0 0 0 0 0 0 0 0 0 
0.532087,0.456055,0.0118577,0,22.331,-2.15067e+07
2928.81
ratio: 0.000000 stable count: 45
Time: 45.030000
mutation done
selection done
Gen:139
0
0 0 0 0 0 0 0 0 0 0 
0.532087,0.456055,0.0118577,0,22.331,-2.15067e+07
3034.11
ratio: 0.000000 stable count: 46
Time: 45.310000
mutation done
selection done
Gen:140
0
0 0 0 0 0 0 0 0 0 0 
0.532912,0.45523,0.0118577,0,22.3289,-2.15046e+07
3312.42
Time: 45.070000
mutation done
selection done
Gen:141
0
0 0 0 0 0 0 0 0 0 0 
0.532912,0.45523,0.0118577,0,22.3289,-2.15046e+07
2982.35
ratio: 0.000000 stable count: 46
Time: 45.450000
mutation done
selection done
Gen:142
0
0 0 0 0 0 0 0 0 0 0 
0.53297,0.455173,0.0118577,0,22.3284,-2.15042e+07
2601.03
Time: 45.280000
mutation done
selection done
Gen:143
0
0 0 0 0 0 0 0 0 0 0 
0.53297,0.455173,0.0118577,0,22.3284,-2.15042e+07
3180.86
ratio: 0.000000 stable count: 46
Time: 45.320000
mutation done
selection done
Gen:144
0
0 0 0 0 0 0 0 0 0 0 
0.53297,0.455173,0.0118577,0,22.3284,-2.15042e+07
1411.92
ratio: 0.000000 stable count: 47
Time: 45.880000
mutation done
selection done
Gen:145
0
0 0 0 0 0 0 0 0 0 0 
0.53297,0.455173,0.0118577,0,22.3284,-2.15042e+07
1073.63
ratio: 0.000000 stable count: 48
Time: 45.140000
mutation done
selection done
Gen:146
0
0 0 0 0 0 0 0 0 0 0 
0.53297,0.455173,0.0118577,0,22.3284,-2.15042e+07
2198.5
ratio: 0.000000 stable count: 49
Time: 45.240000
mutation done
selection done
Gen:147
0
0 0 0 0 0 0 0 0 0 0 
0.53297,0.455173,0.0118577,0,22.3284,-2.15042e+07
3798.15
ratio: 0.000000 stable count: 50
Time: 45.280000
mutation done
selection done
Gen:148
0
0 0 0 0 0 0 0 0 0 0 
0.53297,0.455173,0.0118577,0,22.3284,-2.15042e+07
2327.44
ratio: 0.000000 stable count: 51
Time: 45.440000
mutation done
selection done
Gen:149
0
0 0 0 0 0 0 0 0 0 0 
0.53297,0.455173,0.0118577,0,22.3284,-2.15042e+07
3541.05
ratio: 0.000000 stable count: 52
Time: 45.160000
mutation done
selection done
Gen:150
0
0 0 0 0 0 0 0 0 0 0 
0.53297,0.455173,0.0118577,0,22.3284,-2.15042e+07
5076.25
ratio: 0.000000 stable count: 53
Time: 45.100000
mutation done
selection done
Gen:151
0
0 0 0 0 0 0 0 0 0 0 
0.53297,0.455173,0.0118577,0,22.3284,-2.15042e+07
5220.31
ratio: 0.000000 stable count: 54
Time: 44.880000
mutation done
selection done
Gen:152
0
0 0 0 0 0 0 0 0 0 0 
0.53297,0.455173,0.0118577,0,22.3284,-2.15042e+07
3751.45
ratio: 0.000000 stable count: 55
Time: 44.850000
mutation done
selection done
Gen:153
0
0 0 0 0 0 0 0 0 0 0 
0.53297,0.455173,0.0118577,0,22.3284,-2.15042e+07
2680
ratio: 0.000000 stable count: 56
Time: 45.060000
mutation done
selection done
Gen:154
0
0 0 0 0 0 0 0 0 0 0 
0.53297,0.455173,0.0118577,0,22.3284,-2.15042e+07
3131.29
ratio: 0.000000 stable count: 57
Time: 44.610000
mutation done
selection done
Gen:155
0
0 0 0 0 0 0 0 0 0 0 
0.53297,0.455173,0.0118577,0,22.3284,-2.15042e+07
3121.7
ratio: 0.000000 stable count: 58
Time: 44.900000
mutation done
selection done
Gen:156
0
0 0 0 0 0 0 0 0 0 0 
0.53297,0.455173,0.0118577,0,22.3284,-2.15042e+07
2101.34
ratio: 0.000000 stable count: 59
Time: 45.010000
mutation done
selection done
Gen:157
0
0 0 0 0 0 0 0 0 0 0 
0.531334,0.457348,0.0113178,0,22.3283,-2.15041e+07
3935.65
ratio: 0.000004 stable count: 60
Time: 45.070000
mutation done
selection done
Gen:158
0
0 0 0 0 0 0 0 0 0 0 
0.531334,0.457348,0.0113178,0,22.3283,-2.15041e+07
5164.58
ratio: 0.000000 stable count: 61
Time: 44.790000
mutation done
selection done
Gen:159
0
0 0 0 0 0 0 0 0 0 0 
0.531334,0.457348,0.0113178,0,22.3283,-2.15041e+07
2201.41
ratio: 0.000000 stable count: 62
Time: 44.580000
mutation done
selection done
Gen:160
0
0 0 0 0 0 0 0 0 0 0 
0.531334,0.457348,0.0113178,0,22.3283,-2.15041e+07
1924.97
ratio: 0.000000 stable count: 63
Time: 45.200000
mutation done
selection done
Gen:161
0
0 0 0 0 0 0 0 0 0 0 
0.531334,0.457348,0.0113178,0,22.3283,-2.15041e+07
3104.24
ratio: 0.000000 stable count: 64
Time: 44.480000
mutation done
selection done
Gen:162
0
0 0 0 0 0 0 0 0 0 0 
0.531334,0.457348,0.0113178,0,22.3283,-2.15041e+07
1821.64
ratio: 0.000000 stable count: 65
Time: 44.380000
mutation done
selection done
Gen:163
0
0 0 0 0 0 0 0 0 0 0 
0.531334,0.457348,0.0113178,0,22.3283,-2.15041e+07
2774.07
ratio: 0.000000 stable count: 66
Time: 44.810000
mutation done
selection done
Gen:164
0
0 0 0 0 0 0 0 0 0 0 
0.531391,0.457291,0.0113178,0,22.3279,-2.15037e+07
2590.94
Time: 44.810000
mutation done
selection done
Gen:165
0
0 0 0 0 0 0 0 0 0 0 
0.531132,0.45755,0.0113178,0,22.3251,-2.15009e+07
2164.45
Time: 45.240000
mutation done
selection done
Gen:166
0
0 0 0 0 0 0 0 0 0 0 
0.531132,0.45755,0.0113178,0,22.3251,-2.15009e+07
3922.44
ratio: 0.000000 stable count: 65
Time: 45.530000
mutation done
selection done
Gen:167
0
0 0 0 0 0 0 0 0 0 0 
0.531132,0.45755,0.0113178,0,22.3251,-2.15009e+07
4462.24
ratio: 0.000000 stable count: 66
Time: 45.270000
mutation done
selection done
Gen:168
0
0 0 0 0 0 0 0 0 0 0 
0.531132,0.45755,0.0113178,0,22.3251,-2.15009e+07
2280.69
ratio: 0.000000 stable count: 67
Time: 45.520000
mutation done
selection done
Gen:169
0
0 0 0 0 0 0 0 0 0 0 
0.531132,0.45755,0.0113178,0,22.3251,-2.15009e+07
5910.35
ratio: 0.000000 stable count: 68
Time: 45.540000
mutation done
selection done
Gen:170
0
0 0 0 0 0 0 0 0 0 0 
0.531132,0.45755,0.0113178,0,22.3251,-2.15009e+07
5318.16
ratio: 0.000000 stable count: 69
Time: 45.460000
mutation done
selection done
Gen:171
0
0 0 0 0 0 0 0 0 0 0 
0.531132,0.45755,0.0113178,0,22.3251,-2.15009e+07
1433.44
ratio: 0.000000 stable count: 70
Time: 45.700000
mutation done
selection done
Gen:172
0
0 0 0 0 0 0 0 0 0 0 
0.531132,0.45755,0.0113178,0,22.3251,-2.15009e+07
72
ratio: 0.000000 stable count: 71
Time: 45.710000
mutation done
selection done
Gen:173
0
0 0 0 0 0 0 0 0 0 0 
0.531132,0.45755,0.0113178,0,22.3251,-2.15009e+07
2004.24
ratio: 0.000000 stable count: 72
Time: 45.920000
mutation done
selection done
Gen:174
0
0 0 0 0 0 0 0 0 0 0 
0.531132,0.45755,0.0113178,0,22.3251,-2.15009e+07
4372.6
ratio: 0.000000 stable count: 73
Time: 45.640000
mutation done
selection done
Gen:175
0
0 0 0 0 0 0 0 0 0 0 
0.531132,0.45755,0.0113178,0,22.3251,-2.15009e+07
2987.21
ratio: 0.000000 stable count: 74
Time: 45.800000
mutation done
selection done
Gen:176
0
0 0 0 0 0 0 0 0 0 0 
0.531132,0.45755,0.0113178,0,22.3251,-2.15009e+07
3544.89
ratio: 0.000000 stable count: 75
Time: 45.470000
mutation done
selection done
Gen:177
0
0 0 0 0 0 0 0 0 0 0 
0.531132,0.45755,0.0113178,0,22.3251,-2.15009e+07
4815.55
ratio: 0.000000 stable count: 76
Time: 45.530000
mutation done
selection done
Gen:178
0
0 0 0 0 0 0 0 0 0 0 
0.531132,0.45755,0.0113178,0,22.3251,-2.15009e+07
4390.55
ratio: 0.000000 stable count: 77
Time: 45.810000
mutation done
selection done
Gen:179
0
0 0 0 0 0 0 0 0 0 0 
0.526537,0.462145,0.0113178,0,22.3221,-2.14981e+07
4872.96
Time: 45.490000
mutation done
selection done
Gen:180
0
0 0 0 0 0 0 0 0 0 0 
0.526537,0.462145,0.0113178,0,22.3221,-2.14981e+07
4052.83
ratio: 0.000000 stable count: 77
Time: 45.400000
mutation done
selection done
Gen:181
0
0 0 0 0 0 0 0 0 0 0 
0.526537,0.462145,0.0113178,0,22.3221,-2.14981e+07
2353
ratio: 0.000000 stable count: 78
Time: 45.400000
mutation done
selection done
Gen:182
0
0 0 0 0 0 0 0 0 0 0 
0.526537,0.462145,0.0113178,0,22.3221,-2.14981e+07
2378.86
ratio: 0.000000 stable count: 79
Time: 45.160000
mutation done
selection done
Gen:183
0
0 0 0 0 0 0 0 0 0 0 
0.526797,0.459845,0.0133581,0,22.316,-2.14922e+07
5094.52
Time: 45.550000
mutation done
selection done
Gen:184
0
0 0 0 0 0 0 0 0 0 0 
0.526797,0.459845,0.0133581,0,22.316,-2.14922e+07
5720.4
ratio: 0.000000 stable count: 79
Time: 45.560000
mutation done
selection done
Gen:185
0
0 0 0 0 0 0 0 0 0 0 
0.526797,0.459845,0.0133581,0,22.316,-2.14922e+07
4627.47
ratio: 0.000000 stable count: 80
Time: 45.230000
mutation done
selection done
Gen:186
0
0 0 0 0 0 0 0 0 0 0 
0.526797,0.459845,0.0133581,0,22.316,-2.14922e+07
4335.52
ratio: 0.000000 stable count: 81
Time: 44.970000
mutation done
selection done
Gen:187
0
0 0 0 0 0 0 0 0 0 0 
0.526797,0.459845,0.0133581,0,22.316,-2.14922e+07
4800.51
ratio: 0.000000 stable count: 82
Time: 44.660000
mutation done
selection done
Gen:188
0
0 0 0 0 0 0 0 0 0 0 
0.528842,0.45984,0.0113178,0,22.3101,-2.14866e+07
3154.74
Time: 44.900000
mutation done
selection done
Gen:189
0
0 0 0 0 0 0 0 0 0 0 
0.529341,0.459342,0.0113178,0,22.3094,-2.14859e+07
5374.92
Time: 45.240000
mutation done
selection done
Gen:190
0
0 0 0 0 0 0 0 0 0 0 
0.529341,0.459342,0.0113178,0,22.3094,-2.14859e+07
3819.55
ratio: 0.000000 stable count: 81
Time: 45.560000
mutation done
selection done
Gen:191
0
0 0 0 0 0 0 0 0 0 0 
0.529782,0.4589,0.0113178,0,22.3072,-2.14837e+07
3580.87
Time: 45.700000
mutation done
selection done
Gen:192
0
0 0 0 0 0 0 0 0 0 0 
0.530041,0.458552,0.0114061,0,22.3047,-2.14813e+07
2951.17
Time: 45.630000
mutation done
selection done
Gen:193
0
0 0 0 0 0 0 0 0 0 0 
0.530041,0.458552,0.0114061,0,22.3047,-2.14813e+07
4578.55
ratio: 0.000000 stable count: 80
Time: 45.340000
mutation done
selection done
Gen:194
0
0 0 0 0 0 0 0 0 0 0 
0.530041,0.458552,0.0114061,0,22.3047,-2.14813e+07
5230.99
ratio: 0.000000 stable count: 81
Time: 45.960000
mutation done
selection done
Gen:195
0
0 0 0 0 0 0 0 0 0 0 
0.530041,0.458552,0.0114061,0,22.3047,-2.14813e+07
2539.64
ratio: 0.000000 stable count: 82
Time: 45.570000
mutation done
selection done
Gen:196
0
0 0 0 0 0 0 0 0 0 0 
0.530041,0.458552,0.0114061,0,22.3047,-2.14813e+07
2608.03
ratio: 0.000000 stable count: 83
Time: 45.540000
mutation done
selection done
Gen:197
0
0 0 0 0 0 0 0 0 0 0 
0.530041,0.458552,0.0114061,0,22.3047,-2.14813e+07
3032.83
ratio: 0.000000 stable count: 84
Time: 45.450000
mutation done
selection done
Gen:198
0
0 0 0 0 0 0 0 0 0 0 
0.530041,0.458552,0.0114061,0,22.3047,-2.14813e+07
5039.12
ratio: 0.000000 stable count: 85
Time: 45.630000
mutation done
selection done
Gen:199
0
0 0 0 0 0 0 0 0 0 0 
0.530041,0.458552,0.0114061,0,22.3047,-2.14813e+07
4304.79
ratio: 0.000000 stable count: 86
Time: 45.820000
mutation done
selection done
Gen:200
0
0 0 0 0 0 0 0 0 0 0 
0.530041,0.458552,0.0114061,0,22.3047,-2.14813e+07
5427.63
ratio: 0.000000 stable count: 87
Time: 45.200000
FINAL Population size
10
Best : -2.14813e+07   30:46-40-12-41-58-64-52-8-26-49-62-24-30-15-11-9-17-20-33-22-38-36-45-34-57-51-56-28-10-16- ,  30:19-36-41-51-56-8-52-20-43-50-0-69-18-65-39-48-29-23-2-14-60-17-10-16-26-30-63-6-47-40- ,  30:26-49-15-11-68-9-17-50-23-69-48-39-18-37-65-19-22-33-20-52-64-51-57-25-4-40-47-6-21-24- ,  30:43-13-22-45-41-27-25-34-51-8-26-49-42-15-11-9-17-50-23-69-18-32-39-48-3-0-2-14-44-60- ,  30:55-17-50-23-29-19-22-33-20-10-16-1-26-8-51-41-36-54-18-39-65-67-27-25-34-35-6-63-30-15- ,  30:55-52-64-58-34-51-56-28-8-26-16-10-20-33-22-38-66-3-23-50-43-61-17-59-1-11-49-15-62-42- ,  30:11-31-1-26-8-51-41-12-27-67-18-54-36-45-34-35-6-21-62-49-9-17-43-33-58-57-25-4-7-40- ,  29:62-21-30-42-24-63-6-35-41-27-67-5-54-19-22-33-20-17-9-1-26-8-51-34-25-4-53-47-40- ,  30:56-8-26-1-68-59-10-52-64-58-41-27-67-37-5-18-69-23-50-17-9-31-11-49-62-21-6-47-53-46- ,  30:44-14-2-0-69-18-37-67-27-41-51-8-26-62-49-1-16-55-10-28-56-6-21-30-15-11-59-17-43-13- ,  30:66-69-19-54-36-45-58-64-52-8-51-35-6-56-28-10-59-68-9-17-61-14-2-50-43-20-55-16-1-11- ,  30:34-57-35-51-64-52-20-17-60-61-43-33-50-2-0-69-38-36-41-25-4-7-47-6-56-8-55-16-9-68- ,  29:31-9-59-10-8-51-41-12-25-34-58-33-43-17-44-14-2-50-13-20-55-16-26-30-63-6-35-64-52- ,  30:30-26-1-68-9-49-62-24-63-6-35-58-33-50-0-69-18-67-27-25-4-53-40-12-41-36-38-3-29-48- ,  30:48-66-38-18-32-54-36-41-57-58-33-50-2-14-61-17-10-28-56-6-47-53-46-7-4-25-34-45-22-13- , 

0.530041
0.458552
0.0114061
0
22.3047
-2.14813e+07
mutation constructed
Initial : -2.23361e+07
0.45834
0.499001
0.0413411
0.00131868
23.1314

-----------------------------------------
Iteration:0 started

mutation done
selection done
Gen:0
0
0 1 2 3 4 5 6 7 8 9 
0.458802,0.498539,0.0413411,0.00131868,23.1137,-2.23191e+07
908598
Time: 32.920000
mutation done
selection done
Gen:1
0
0 1 0 0 0 2 1 0 0 0 
0.45456,0.517073,0.0281024,0.000264774,23.0398,-2.2201e+07
172078
Time: 34.990000
mutation done
selection done
Gen:2
0
0 0 0 0 0 0 0 0 0 0 
0.465307,0.50792,0.0265086,0.000264774,22.9804,-2.21439e+07
40133.3
Time: 34.890000
mutation done
selection done
Gen:3
0
0 0 0 0 0 0 0 0 0 0 
0.467939,0.505469,0.0263269,0.000264774,22.9584,-2.21227e+07
20675.5
Time: 34.950000
mutation done
selection done
Gen:4
0
0 0 0 0 0 0 0 0 0 0 
0.469169,0.503658,0.0269083,0.000264774,22.8964,-2.2063e+07
22622.3
Time: 34.920000
mutation done
selection done
Gen:5
0
0 0 0 0 0 0 0 0 0 0 
0.469574,0.503253,0.0269083,0.000264774,22.8919,-2.20587e+07
19002.5
Time: 34.800000
mutation done
selection done
Gen:6
0
0 0 0 0 0 0 0 0 0 0 
0.475316,0.495003,0.0294159,0.000264774,22.8547,-2.20228e+07
12988.8
Time: 35.570000
mutation done
selection done
Gen:7
0
0 0 0 0 0 0 0 0 0 0 
0.483187,0.49344,0.0233728,0,22.8521,-2.20085e+07
15728.7
Time: 36.150000
mutation done
selection done
Gen:8
0
0 0 0 0 0 0 0 0 0 0 
0.480918,0.491109,0.0279726,0,22.7696,-2.19291e+07
7377.64
Time: 36.350000
mutation done
selection done
Gen:9
0
0 0 0 0 0 0 0 0 0 0 
0.488264,0.484474,0.0272614,0,22.7478,-2.1908e+07
23549.2
Time: 36.710000
mutation done
selection done
Gen:10
0
0 0 0 0 0 0 0 0 0 0 
0.489251,0.483488,0.0272614,0,22.7444,-2.19048e+07
27213.7
Time: 37.370000
mutation done
selection done
Gen:11
0
0 0 0 0 0 0 0 0 0 0 
0.491691,0.48272,0.0255896,0,22.7241,-2.18852e+07
15939.1
Time: 37.300000
mutation done
selection done
Gen:12
0
0 0 0 0 0 0 0 0 0 0 
0.492714,0.482964,0.0243229,0,22.7199,-2.18812e+07
9687.43
Time: 38.230000
mutation done
selection done
Gen:13
0
0 0 0 0 0 0 0 0 0 0 
0.497132,0.481058,0.0218101,0,22.6856,-2.18482e+07
5187.26
Time: 38.550000
mutation done
selection done
Gen:14
0
0 0 0 0 0 0 0 0 0 0 
0.500106,0.48179,0.0181033,0,22.6851,-2.18476e+07
10355.1
Time: 38.200000
mutation done
selection done
Gen:15
0
0 0 0 0 0 0 0 0 0 0 
0.502079,0.480529,0.017392,0,22.664,-2.18273e+07
12191.1
Time: 38.640000
mutation done
selection done
Gen:16
0
0 0 0 0 0 0 0 0 0 0 
0.505838,0.478192,0.0159695,0,22.6519,-2.18157e+07
13521.4
Time: 38.660000
mutation done
selection done
Gen:17
0
0 0 0 0 0 0 0 0 0 0 
0.505376,0.48084,0.0137838,0,22.6359,-2.18003e+07
9306.91
Time: 38.300000
mutation done
selection done
Gen:18
0
0 0 0 0 0 0 0 0 0 0 
0.506996,0.479963,0.0130414,0,22.6317,-2.17963e+07
10312.3
Time: 38.620000
mutation done
selection done
Gen:19
0
0 0 0 0 0 0 0 0 0 0 
0.505724,0.481214,0.0130622,0,22.6221,-2.1787e+07
4933.62
Time: 39.050000
mutation done
selection done
Gen:20
0
0 0 0 0 0 0 0 0 0 0 
0.508024,0.478914,0.0130622,0,22.6075,-2.17729e+07
4077.46
Time: 39.170000
mutation done
selection done
Gen:21
0
0 0 0 0 0 0 0 0 0 0 
0.509228,0.47771,0.0130622,0,22.6039,-2.17695e+07
7521.88
Time: 39.720000
mutation done
selection done
Gen:22
0
0 0 0 0 0 0 0 0 0 0 
0.509046,0.477891,0.0130622,0,22.6012,-2.17669e+07
7403.88
Time: 39.720000
mutation done
selection done
Gen:23
0
0 0 0 0 0 0 0 0 0 0 
0.510697,0.477756,0.0115462,0,22.5919,-2.17579e+07
5167.13
Time: 39.470000
mutation done
selection done
Gen:24
0
0 0 0 0 0 0 0 0 0 0 
0.511056,0.477699,0.0112451,0,22.5795,-2.1746e+07
8755.97
Time: 39.730000
mutation done
selection done
Gen:25
0
0 0 0 0 0 0 0 0 0 0 
0.511336,0.477419,0.0112451,0,22.5789,-2.17454e+07
7888.62
Time: 40.300000
mutation done
selection done
Gen:26
0
0 0 0 0 0 0 0 0 0 0 
0.511336,0.477419,0.0112451,0,22.5789,-2.17454e+07
6072.78
ratio: 0.000000 stable count: 1
Time: 40.240000
mutation done
selection done
Gen:27
0
0 0 0 0 0 0 0 0 0 0 
0.5147,0.474465,0.010835,0,22.5678,-2.17347e+07
4761.45
Time: 40.280000
mutation done
selection done
Gen:28
0
0 0 0 0 0 0 0 0 0 0 
0.512478,0.476687,0.010835,0,22.5502,-2.17178e+07
5175.46
Time: 40.590000
mutation done
selection done
Gen:29
0
0 0 0 0 0 0 0 0 0 0 
0.512478,0.476687,0.010835,0,22.5502,-2.17178e+07
8143
ratio: 0.000000 stable count: 1
Time: 40.470000
mutation done
selection done
Gen:30
0
0 0 0 0 0 0 0 0 0 0 
0.514892,0.474574,0.0105339,0,22.5281,-2.16965e+07
8700.35
Time: 40.690000
mutation done
selection done
Gen:31
0
0 0 0 0 0 0 0 0 0 0 
0.514892,0.474574,0.0105339,0,22.5281,-2.16965e+07
10559.1
ratio: 0.000000 stable count: 1
Time: 40.550000
mutation done
selection done
Gen:32
0
0 0 0 0 0 0 0 0 0 0 
0.514892,0.474574,0.0105339,0,22.5281,-2.16965e+07
7715.79
ratio: 0.000000 stable count: 2
Time: 40.620000
mutation done
selection done
Gen:33
0
0 0 0 0 0 0 0 0 0 0 
0.517509,0.471656,0.010835,0,22.5251,-2.16936e+07
8063.17
Time: 40.620000
mutation done
selection done
Gen:34
0
0 0 0 0 0 0 0 0 0 0 
0.516704,0.472762,0.0105339,0,22.5215,-2.16901e+07
6350.96
Time: 41.150000
mutation done
selection done
Gen:35
0
0 0 0 0 0 0 0 0 0 0 
0.519009,0.470457,0.0105339,0,22.5148,-2.16837e+07
6862.69
Time: 41.380000
mutation done
selection done
Gen:36
0
0 0 0 0 0 0 0 0 0 0 
0.517374,0.472092,0.0105339,0,22.5106,-2.16796e+07
4394.84
Time: 41.840000
mutation done
selection done
Gen:37
0
0 0 0 0 0 0 0 0 0 0 
0.517452,0.472014,0.0105339,0,22.51,-2.16791e+07
7904.58
Time: 41.630000
mutation done
selection done
Gen:38
0
0 0 0 0 0 0 0 0 0 0 
0.521948,0.46851,0.00954225,0,22.4604,-2.16313e+07
4823.43
Time: 42.190000
mutation done
selection done
Gen:39
0
0 0 0 0 0 0 0 0 0 0 
0.521948,0.46851,0.00954225,0,22.4604,-2.16313e+07
16348.8
ratio: 0.000000 stable count: 1
Time: 41.790000
mutation done
selection done
Gen:40
0
0 0 0 0 0 0 0 0 0 0 
0.521948,0.46851,0.00954225,0,22.4604,-2.16313e+07
17814.2
ratio: 0.000000 stable count: 2
Time: 42.620000
mutation done
selection done
Gen:41
0
0 0 0 0 0 0 0 0 0 0 
0.522129,0.468328,0.00954225,0,22.4588,-2.16298e+07
10100.9
Time: 43.350000
mutation done
selection done
Gen:42
0
0 0 0 0 0 0 0 0 0 0 
0.521003,0.470286,0.00871159,0,22.443,-2.16145e+07
2361.61
Time: 42.900000
mutation done
selection done
Gen:43
0
0 0 0 0 0 0 0 0 0 0 
0.522218,0.469071,0.00871159,0,22.4401,-2.16118e+07
7471.88
Time: 43.160000
mutation done
selection done
Gen:44
0
0 0 0 0 0 0 0 0 0 0 
0.523806,0.467482,0.00871159,0,22.4333,-2.16051e+07
5106.77
Time: 42.480000
mutation done
selection done
Gen:45
0
0 0 0 0 0 0 0 0 0 0 
0.526459,0.464507,0.00903347,0,22.4251,-2.15973e+07
4281.24
Time: 42.450000
mutation done
selection done
Gen:46
0
0 0 0 0 0 0 0 0 0 0 
0.527394,0.463671,0.00893483,0,22.4223,-2.15945e+07
5076.03
Time: 42.900000
mutation done
selection done
Gen:47
0
0 0 0 0 0 0 0 0 0 0 
0.52716,0.463806,0.00903347,0,22.4217,-2.1594e+07
4092.89
Time: 42.720000
mutation done
selection done
Gen:48
0
0 0 0 0 0 0 0 0 0 0 
0.528214,0.462851,0.00893483,0,22.418,-2.15905e+07
2147.17
Time: 43.150000
mutation done
selection done
Gen:49
0
0 0 0 0 0 0 0 0 0 0 
0.53014,0.461522,0.00833779,0,22.3907,-2.15642e+07
1940.18
Time: 43.300000
mutation done
selection done
Gen:50
0
0 0 0 0 0 0 0 0 0 0 
0.53014,0.461522,0.00833779,0,22.3907,-2.15642e+07
10169.3
ratio: 0.000000 stable count: 1
Time: 43.240000
mutation done
selection done
Gen:51
0
0 0 0 0 0 0 0 0 0 0 
0.53014,0.461522,0.00833779,0,22.3907,-2.15642e+07
9690.62
ratio: 0.000000 stable count: 2
Time: 43.230000
mutation done
selection done
Gen:52
0
0 0 0 0 0 0 0 0 0 0 
0.53014,0.461522,0.00833779,0,22.3907,-2.15642e+07
3866.09
ratio: 0.000000 stable count: 3
Time: 42.850000
mutation done
selection done
Gen:53
0
0 0 0 0 0 0 0 0 0 0 
0.53014,0.461522,0.00833779,0,22.3907,-2.15642e+07
3141.58
ratio: 0.000000 stable count: 4
Time: 42.870000
mutation done
selection done
Gen:54
0
0 0 0 0 0 0 0 0 0 0 
0.530971,0.461512,0.00751751,0,22.3827,-2.15564e+07
1088.15
Time: 42.880000
mutation done
selection done
Gen:55
0
0 0 0 0 0 0 0 0 0 0 
0.530971,0.461512,0.00751751,0,22.3827,-2.15564e+07
2753.84
ratio: 0.000000 stable count: 4
Time: 42.870000
mutation done
selection done
Gen:56
0
0 0 0 0 0 0 0 0 0 0 
0.530971,0.461512,0.00751751,0,22.3827,-2.15564e+07
1453.76
ratio: 0.000000 stable count: 5
Time: 42.950000
mutation done
selection done
Gen:57
0
0 0 0 0 0 0 0 0 0 0 
0.534688,0.454747,0.010565,0,22.3716,-2.15457e+07
2598.04
Time: 43.090000
mutation done
selection done
Gen:58
0
0 0 0 0 0 0 0 0 0 0 
0.534688,0.454747,0.010565,0,22.3716,-2.15457e+07
4739.75
ratio: 0.000000 stable count: 5
Time: 43.160000
mutation done
selection done
Gen:59
0
0 0 0 0 0 0 0 0 0 0 
0.534688,0.454747,0.010565,0,22.3716,-2.15457e+07
3962.5
ratio: 0.000000 stable count: 6
Time: 43.810000
mutation done
selection done
Gen:60
0
0 0 0 0 0 0 0 0 0 0 
0.534807,0.454628,0.010565,0,22.37,-2.15443e+07
3584.64
Time: 43.580000
mutation done
selection done
Gen:61
0
0 0 0 0 0 0 0 0 0 0 
0.534807,0.454628,0.010565,0,22.37,-2.15443e+07
2626.14
ratio: 0.000000 stable count: 6
Time: 44.140000
mutation done
selection done
Gen:62
0
0 0 0 0 0 0 0 0 0 0 
0.53542,0.454015,0.010565,0,22.3659,-2.15403e+07
4160.26
Time: 43.480000
mutation done
selection done
Gen:63
0
0 0 0 0 0 0 0 0 0 0 
0.535903,0.453532,0.010565,0,22.3629,-2.15374e+07
1627.32
Time: 43.880000
mutation done
selection done
Gen:64
0
0 0 0 0 0 0 0 0 0 0 
0.53665,0.452785,0.010565,0,22.3608,-2.15354e+07
1930.7
Time: 43.830000
mutation done
selection done
Gen:65
0
0 0 0 0 0 0 0 0 0 0 
0.536682,0.452753,0.010565,0,22.3589,-2.15335e+07
2825.95
Time: 43.790000
mutation done
selection done
Gen:66
0
0 0 0 0 0 0 0 0 0 0 
0.537642,0.451793,0.010565,0,22.3534,-2.15283e+07
2169.69
Time: 43.550000
mutation done
selection done
Gen:67
0
0 0 0 0 0 0 0 0 0 0 
0.537798,0.451637,0.010565,0,22.3501,-2.15251e+07
8702.77
Time: 43.490000
mutation done
selection done
Gen:68
0
0 0 0 0 0 0 0 0 0 0 
0.538078,0.452011,0.00991086,0,22.345,-2.15201e+07
7775.81
Time: 43.440000
mutation done
selection done
Gen:69
0
0 0 0 0 0 0 0 0 0 0 
0.538047,0.451881,0.0100718,0,22.3374,-2.15129e+07
4869.9
Time: 43.930000
mutation done
selection done
Gen:70
0
0 0 0 0 0 0 0 0 0 0 
0.538047,0.451881,0.0100718,0,22.3374,-2.15129e+07
5028.93
ratio: 0.000000 stable count: 1
Time: 44.410000
mutation done
selection done
Gen:71
0
0 0 0 0 0 0 0 0 0 0 
0.536251,0.453678,0.0100718,0,22.3367,-2.15121e+07
4287.66
Time: 43.360000
mutation done
selection done
Gen:72
0
0 0 0 0 0 0 0 0 0 0 
0.54083,0.44955,0.00962013,0,22.3347,-2.15102e+07
6287.67
Time: 43.530000
mutation done
selection done
Gen:73
0
0 0 0 0 0 0 0 0 0 0 
0.541448,0.448932,0.00962013,0,22.3304,-2.1506e+07
4226.37
Time: 43.450000
mutation done
selection done
Gen:74
0
0 0 0 0 0 0 0 0 0 0 
0.541448,0.448932,0.00962013,0,22.3304,-2.1506e+07
4017.57
ratio: 0.000000 stable count: 1
Time: 43.620000
mutation done
selection done
Gen:75
0
0 0 0 0 0 0 0 0 0 0 
0.542429,0.447951,0.00962013,0,22.3276,-2.15034e+07
4260.97
Time: 43.560000
mutation done
selection done
Gen:76
0
0 0 0 0 0 0 0 0 0 0 
0.542621,0.447759,0.00962013,0,22.3253,-2.15012e+07
4056.75
Time: 43.990000
mutation done
selection done
Gen:77
0
0 0 0 0 0 0 0 0 0 0 
0.542621,0.447759,0.00962013,0,22.3253,-2.15012e+07
2734.86
ratio: 0.000000 stable count: 1
Time: 43.970000
mutation done
selection done
Gen:78
0
0 0 0 0 0 0 0 0 0 0 
0.542621,0.447759,0.00962013,0,22.3253,-2.15012e+07
3106.31
ratio: 0.000000 stable count: 2
Time: 43.890000
mutation done
selection done
Gen:79
0
0 0 0 0 0 0 0 0 0 0 
0.542621,0.447759,0.00962013,0,22.3253,-2.15012e+07
1694.57
ratio: 0.000000 stable count: 3
Time: 44.100000
mutation done
selection done
Gen:80
0
0 0 0 0 0 0 0 0 0 0 
0.543202,0.447209,0.00958898,0,22.3156,-2.14918e+07
2049.41
Time: 43.710000
mutation done
selection done
Gen:81
0
0 0 0 0 0 0 0 0 0 0 
0.543202,0.447209,0.00958898,0,22.3156,-2.14918e+07
5218.61
ratio: 0.000000 stable count: 3
Time: 44.010000
mutation done
selection done
Gen:82
0
0 0 0 0 0 0 0 0 0 0 
0.543202,0.447209,0.00958898,0,22.3156,-2.14918e+07
4103.01
ratio: 0.000000 stable count: 4
Time: 43.790000
mutation done
selection done
Gen:83
0
0 0 0 0 0 0 0 0 0 0 
0.543202,0.447209,0.00958898,0,22.3156,-2.14918e+07
3216.26
ratio: 0.000000 stable count: 5
Time: 43.360000
mutation done
selection done
Gen:84
0
0 0 0 0 0 0 0 0 0 0 
0.543348,0.446773,0.00987971,0,22.3152,-2.14914e+07
3513.7
Time: 43.650000
mutation done
selection done
Gen:85
0
0 0 0 0 0 0 0 0 0 0 
0.543348,0.446773,0.00987971,0,22.3152,-2.14914e+07
2640.05
ratio: 0.000000 stable count: 5
Time: 44.090000
mutation done
selection done
Gen:86
0
0 0 0 0 0 0 0 0 0 0 
0.543363,0.446757,0.00987971,0,22.315,-2.14913e+07
2375.99
ratio: 0.000008 stable count: 6
Time: 44.370000
mutation done
selection done
Gen:87
0
0 0 0 0 0 0 0 0 0 0 
0.544448,0.445963,0.00958898,0,22.3095,-2.1486e+07
2652.51
Time: 44.370000
mutation done
selection done
Gen:88
0
0 0 0 0 0 0 0 0 0 0 
0.544448,0.445963,0.00958898,0,22.3095,-2.1486e+07
2627.41
ratio: 0.000000 stable count: 6
Time: 44.120000
mutation done
selection done
Gen:89
0
0 0 0 0 0 0 0 0 0 0 
0.544448,0.445963,0.00958898,0,22.3095,-2.1486e+07
6573.31
ratio: 0.000000 stable count: 7
Time: 44.520000
mutation done
selection done
Gen:90
0
0 0 0 0 0 0 0 0 0 0 
0.5453,0.445111,0.00958898,0,22.3053,-2.14819e+07
3891.52
Time: 44.220000
mutation done
selection done
Gen:91
0
0 0 0 0 0 0 0 0 0 0 
0.5453,0.445111,0.00958898,0,22.3053,-2.14819e+07
3851.33
ratio: 0.000000 stable count: 7
Time: 44.820000
mutation done
selection done
Gen:92
0
0 0 0 0 0 0 0 0 0 0 
0.5453,0.445111,0.00958898,0,22.3053,-2.14819e+07
3304.76
ratio: 0.000000 stable count: 8
Time: 45.040000
mutation done
selection done
Gen:93
0
0 0 0 0 0 0 0 0 0 0 
0.544568,0.445843,0.00958898,0,22.3016,-2.14783e+07
1674.98
Time: 44.640000
mutation done
selection done
Gen:94
0
0 0 0 0 0 0 0 0 0 0 
0.544568,0.445843,0.00958898,0,22.3016,-2.14783e+07
2476.84
ratio: 0.000000 stable count: 8
Time: 44.810000
mutation done
selection done
Gen:95
0
0 0 0 0 0 0 0 0 0 0 
0.544568,0.445843,0.00958898,0,22.3016,-2.14783e+07
3218.19
ratio: 0.000000 stable count: 9
Time: 44.560000
mutation done
selection done
Gen:96
0
0 0 0 0 0 0 0 0 0 0 
0.544568,0.445843,0.00958898,0,22.3016,-2.14783e+07
3168.84
ratio: 0.000000 stable count: 10
Time: 44.530000
mutation done
selection done
Gen:97
0
0 0 0 0 0 0 0 0 0 0 
0.544568,0.445843,0.00958898,0,22.3016,-2.14783e+07
2153.98
ratio: 0.000000 stable count: 11
Time: 44.750000
mutation done
selection done
Gen:98
0
0 0 0 0 0 0 0 0 0 0 
0.544568,0.445843,0.00958898,0,22.3016,-2.14783e+07
2830.06
ratio: 0.000000 stable count: 12
Time: 44.290000
mutation done
selection done
Gen:99
0
0 0 0 0 0 0 0 0 0 0 
0.544568,0.445843,0.00958898,0,22.3016,-2.14783e+07
3470.08
ratio: 0.000000 stable count: 13
Time: 44.620000
mutation done
selection done
Gen:100
0
0 0 0 0 0 0 0 0 0 0 
0.544568,0.445843,0.00958898,0,22.3016,-2.14783e+07
4181.95
ratio: 0.000000 stable count: 14
Time: 44.550000
mutation done
selection done
Gen:101
0
0 0 0 0 0 0 0 0 0 0 
0.545424,0.44521,0.00936574,0,22.2981,-2.1475e+07
2493.71
Time: 44.660000
mutation done
selection done
Gen:102
0
0 0 0 0 0 0 0 0 0 0 
0.545424,0.44521,0.00936574,0,22.2981,-2.1475e+07
1837.37
ratio: 0.000000 stable count: 14
Time: 45.020000
mutation done
selection done
Gen:103
0
0 0 0 0 0 0 0 0 0 0 
0.545954,0.444514,0.00953187,0,22.2963,-2.14733e+07
1256.15
Time: 44.340000
mutation done
selection done
Gen:104
0
0 0 0 0 0 0 0 0 0 0 
0.545954,0.444514,0.00953187,0,22.2963,-2.14733e+07
3229.02
ratio: 0.000000 stable count: 14
Time: 43.960000
mutation done
selection done
Gen:105
0
0 0 0 0 0 0 0 0 0 0 
0.546572,0.443896,0.00953187,0,22.292,-2.14691e+07
2294.29
Time: 44.270000
mutation done
selection done
Gen:106
0
0 0 0 0 0 0 0 0 0 0 
0.546572,0.443896,0.00953187,0,22.292,-2.14691e+07
3763.53
ratio: 0.000000 stable count: 14
Time: 43.950000
mutation done
selection done
Gen:107
0
0 0 0 0 0 0 0 0 0 0 
0.546572,0.443896,0.00953187,0,22.292,-2.14691e+07
2605.88
ratio: 0.000000 stable count: 15
Time: 43.880000
mutation done
selection done
Gen:108
0
0 0 0 0 0 0 0 0 0 0 
0.546572,0.443896,0.00953187,0,22.292,-2.14691e+07
4279.84
ratio: 0.000000 stable count: 16
Time: 43.600000
mutation done
selection done
Gen:109
0
0 0 0 0 0 0 0 0 0 0 
0.546572,0.443896,0.00953187,0,22.292,-2.14691e+07
2637.51
ratio: 0.000000 stable count: 17
Time: 43.180000
mutation done
selection done
Gen:110
0
0 0 0 0 0 0 0 0 0 0 
0.545819,0.448725,0.00545642,0,22.2784,-2.1456e+07
3465.23
Time: 42.940000
mutation done
selection done
Gen:111
0
0 0 0 0 0 0 0 0 0 0 
0.545819,0.448725,0.00545642,0,22.2784,-2.1456e+07
5413.76
ratio: 0.000000 stable count: 17
Time: 43.280000
mutation done
selection done
Gen:112
0
0 0 0 0 0 0 0 0 0 0 
0.547672,0.446871,0.00545642,0,22.2727,-2.14505e+07
7453.55
Time: 43.230000
mutation done
selection done
Gen:113
0
0 0 0 0 0 0 0 0 0 0 
0.547672,0.446871,0.00545642,0,22.2727,-2.14505e+07
8158.21
ratio: 0.000000 stable count: 17
Time: 43.220000
mutation done
selection done
Gen:114
0
0 0 0 0 0 0 0 0 0 0 
0.547672,0.446871,0.00545642,0,22.2727,-2.14505e+07
4110.3
ratio: 0.000000 stable count: 18
Time: 43.340000
mutation done
selection done
Gen:115
0
0 0 0 0 0 0 0 0 0 0 
0.547672,0.446871,0.00545642,0,22.2727,-2.14505e+07
4209.25
ratio: 0.000000 stable count: 19
Time: 42.930000
mutation done
selection done
Gen:116
0
0 0 0 0 0 0 0 0 0 0 
0.551016,0.443954,0.00503071,0,22.2533,-2.14319e+07
2290.67
Time: 43.300000
mutation done
selection done
Gen:117
0
0 0 0 0 0 0 0 0 0 0 
0.551016,0.443954,0.00503071,0,22.2533,-2.14319e+07
7809.77
ratio: 0.000000 stable count: 19
Time: 43.590000
mutation done
selection done
Gen:118
0
0 0 0 0 0 0 0 0 0 0 
0.551016,0.443954,0.00503071,0,22.2533,-2.14319e+07
2911.41
ratio: 0.000000 stable count: 20
Time: 43.670000
mutation done
selection done
Gen:119
0
0 0 0 0 0 0 0 0 0 0 
0.551016,0.443954,0.00503071,0,22.2533,-2.14319e+07
3677.67
ratio: 0.000000 stable count: 21
Time: 43.670000
mutation done
selection done
Gen:120
0
0 0 0 0 0 0 0 0 0 0 
0.55276,0.441088,0.0061521,0,22.2497,-2.14284e+07
3301.23
Time: 43.660000
mutation done
selection done
Gen:121
0
0 0 0 0 0 0 0 0 0 0 
0.552999,0.440849,0.0061521,0,22.2492,-2.14279e+07
3742.57
Time: 43.710000
mutation done
selection done
Gen:122
0
0 0 0 0 0 0 0 0 0 0 
0.552371,0.441477,0.0061521,0,22.2484,-2.14271e+07
5096.03
Time: 43.480000
mutation done
selection done
Gen:123
0
0 0 0 0 0 0 0 0 0 0 
0.552371,0.441477,0.0061521,0,22.2484,-2.14271e+07
3067.57
ratio: 0.000000 stable count: 19
Time: 44.020000
mutation done
selection done
Gen:124
0
0 0 0 0 0 0 0 0 0 0 
0.552791,0.441057,0.0061521,0,22.2482,-2.14269e+07
4067.19
ratio: 0.000008 stable count: 20
Time: 43.600000
mutation done
selection done
Gen:125
0
0 0 0 0 0 0 0 0 0 0 
0.552791,0.441057,0.0061521,0,22.2482,-2.14269e+07
3975.69
ratio: 0.000000 stable count: 21
Time: 43.430000
mutation done
selection done
Gen:126
0
0 0 0 0 0 0 0 0 0 0 
0.553347,0.440927,0.00572639,0,22.2462,-2.14249e+07
1476.13
Time: 43.920000
mutation done
selection done
Gen:127
0
0 0 0 0 0 0 0 0 0 0 
0.553347,0.440927,0.00572639,0,22.2462,-2.14249e+07
2135.92
ratio: 0.000000 stable count: 21
Time: 43.820000
mutation done
selection done
Gen:128
0
0 0 0 0 0 0 0 0 0 0 
0.553196,0.441077,0.00572639,0,22.2434,-2.14223e+07
2022.46
Time: 43.630000
mutation done
selection done
Gen:129
0
0 0 0 0 0 0 0 0 0 0 
0.553196,0.441077,0.00572639,0,22.2434,-2.14223e+07
1644.15
ratio: 0.000000 stable count: 21
Time: 43.900000
mutation done
selection done
Gen:130
0
0 0 0 0 0 0 0 0 0 0 
0.553196,0.441077,0.00572639,0,22.2434,-2.14223e+07
2452.1
ratio: 0.000000 stable count: 22
Time: 44.150000
mutation done
selection done
Gen:131
0
0 0 0 0 0 0 0 0 0 0 
0.553087,0.440994,0.00591848,0,22.2424,-2.14213e+07
1933.8
Time: 44.010000
mutation done
selection done
Gen:132
0
0 0 0 0 0 0 0 0 0 0 
0.553087,0.440994,0.00591848,0,22.2424,-2.14213e+07
3819.4
ratio: 0.000000 stable count: 22
Time: 44.020000
mutation done
selection done
Gen:133
0
0 0 0 0 0 0 0 0 0 0 
0.553165,0.441342,0.00549277,0,22.242,-2.1421e+07
2951.39
Time: 44.040000
mutation done
selection done
Gen:134
0
0 0 0 0 0 0 0 0 0 0 
0.554292,0.440216,0.00549277,0,22.2411,-2.142e+07
2797.26
Time: 43.990000
mutation done
selection done
Gen:135
0
0 0 0 0 0 0 0 0 0 0 
0.554292,0.440216,0.00549277,0,22.2411,-2.142e+07
2861.5
ratio: 0.000000 stable count: 21
Time: 44.040000
mutation done
selection done
Gen:136
0
0 0 0 0 0 0 0 0 0 0 
0.554292,0.440216,0.00549277,0,22.2411,-2.142e+07
2178.13
ratio: 0.000000 stable count: 22
Time: 44.080000
mutation done
selection done
Gen:137
0
0 0 0 0 0 0 0 0 0 0 
0.55437,0.439478,0.0061521,0,22.2407,-2.14197e+07
2501.42
Time: 43.920000
mutation done
selection done
Gen:138
0
0 0 0 0 0 0 0 0 0 0 
0.553715,0.440792,0.00549277,0,22.2394,-2.14185e+07
2661.08
Time: 44.350000
mutation done
selection done
Gen:139
0
0 0 0 0 0 0 0 0 0 0 
0.553715,0.440792,0.00549277,0,22.2394,-2.14185e+07
3819.98
ratio: 0.000000 stable count: 21
Time: 44.060000
mutation done
selection done
Gen:140
0
0 0 0 0 0 0 0 0 0 0 
0.553715,0.440792,0.00549277,0,22.2394,-2.14185e+07
2887.47
ratio: 0.000000 stable count: 22
Time: 44.300000
mutation done
selection done
Gen:141
0
0 0 0 0 0 0 0 0 0 0 
0.553715,0.440792,0.00549277,0,22.2394,-2.14185e+07
1858.76
ratio: 0.000000 stable count: 23
Time: 44.280000
mutation done
selection done
Gen:142
0
0 0 0 0 0 0 0 0 0 0 
0.553715,0.440792,0.00549277,0,22.2394,-2.14185e+07
1926.18
ratio: 0.000000 stable count: 24
Time: 44.190000
mutation done
selection done
Gen:143
0
0 0 0 0 0 0 0 0 0 0 
0.553715,0.440792,0.00549277,0,22.2394,-2.14185e+07
1625.54
ratio: 0.000000 stable count: 25
Time: 44.400000
mutation done
selection done
Gen:144
0
0 0 0 0 0 0 0 0 0 0 
0.553715,0.440792,0.00549277,0,22.2394,-2.14185e+07
1845.63
ratio: 0.000000 stable count: 26
Time: 43.440000
mutation done
selection done
Gen:145
0
0 0 0 0 0 0 0 0 0 0 
0.553788,0.440719,0.00549277,0,22.2392,-2.14183e+07
2632.48
ratio: 0.000009 stable count: 27
Time: 43.470000
mutation done
selection done
Gen:146
0
0 0 0 0 0 0 0 0 0 0 
0.554484,0.440247,0.00526952,0,22.237,-2.14161e+07
2952.52
Time: 44.140000
mutation done
selection done
Gen:147
0
0 0 0 0 0 0 0 0 0 0 
0.554484,0.440247,0.00526952,0,22.237,-2.14161e+07
3028.35
ratio: 0.000000 stable count: 27
Time: 43.940000
mutation done
selection done
Gen:148
0
0 0 0 0 0 0 0 0 0 0 
0.554484,0.440247,0.00526952,0,22.237,-2.14161e+07
790.816
ratio: 0.000000 stable count: 28
Time: 43.900000
mutation done
selection done
Gen:149
0
0 0 0 0 0 0 0 0 0 0 
0.554484,0.440247,0.00526952,0,22.237,-2.14161e+07
1560.01
ratio: 0.000000 stable count: 29
Time: 43.590000
mutation done
selection done
Gen:150
0
0 0 0 0 0 0 0 0 0 0 
0.554484,0.440247,0.00526952,0,22.237,-2.14161e+07
2110.16
ratio: 0.000000 stable count: 30
Time: 43.620000
mutation done
selection done
Gen:151
0
0 0 0 0 0 0 0 0 0 0 
0.554484,0.440247,0.00526952,0,22.237,-2.14161e+07
2449.39
ratio: 0.000000 stable count: 31
Time: 43.450000
mutation done
selection done
Gen:152
0
0 0 0 0 0 0 0 0 0 0 
0.554484,0.440247,0.00526952,0,22.237,-2.14161e+07
2135.9
ratio: 0.000000 stable count: 32
Time: 43.290000
mutation done
selection done
Gen:153
0
0 0 0 0 0 0 0 0 0 0 
0.554484,0.440247,0.00526952,0,22.237,-2.14161e+07
2282.03
ratio: 0.000000 stable count: 33
Time: 43.150000
mutation done
selection done
Gen:154
0
0 0 0 0 0 0 0 0 0 0 
0.554484,0.440247,0.00526952,0,22.237,-2.14161e+07
2345.4
ratio: 0.000000 stable count: 34
Time: 43.860000
mutation done
selection done
Gen:155
0
0 0 0 0 0 0 0 0 0 0 
0.554697,0.439608,0.00569524,0,22.2367,-2.14158e+07
1221.77
Time: 43.980000
mutation done
selection done
Gen:156
0
0 0 0 0 0 0 0 0 0 0 
0.554697,0.439608,0.00569524,0,22.2367,-2.14158e+07
3916.61
ratio: 0.000000 stable count: 34
Time: 44.200000
mutation done
selection done
Gen:157
0
0 0 0 0 0 0 0 0 0 0 
0.554697,0.439608,0.00569524,0,22.2367,-2.14158e+07
1741.54
ratio: 0.000000 stable count: 35
Time: 44.170000
mutation done
selection done
Gen:158
0
0 0 0 0 0 0 0 0 0 0 
0.554775,0.43953,0.00569524,0,22.2361,-2.14153e+07
2594.29
Time: 44.130000
mutation done
selection done
Gen:159
0
0 0 0 0 0 0 0 0 0 0 
0.554775,0.43953,0.00569524,0,22.2361,-2.14153e+07
4210.8
ratio: 0.000000 stable count: 35
Time: 44.170000
mutation done
selection done
Gen:160
0
0 0 0 0 0 0 0 0 0 0 
0.554775,0.43953,0.00569524,0,22.2361,-2.14153e+07
2855.59
ratio: 0.000000 stable count: 36
Time: 44.270000
mutation done
selection done
Gen:161
0
0 0 0 0 0 0 0 0 0 0 
0.554775,0.43953,0.00569524,0,22.2361,-2.14153e+07
3028.91
ratio: 0.000000 stable count: 37
Time: 44.340000
mutation done
selection done
Gen:162
0
0 0 0 0 0 0 0 0 0 0 
0.554775,0.43953,0.00569524,0,22.2361,-2.14153e+07
3276.77
ratio: 0.000000 stable count: 38
Time: 44.270000
mutation done
selection done
Gen:163
0
0 0 0 0 0 0 0 0 0 0 
0.555294,0.439437,0.00526952,0,22.2352,-2.14144e+07
2813.41
Time: 44.200000
mutation done
selection done
Gen:164
0
0 0 0 0 0 0 0 0 0 0 
0.555911,0.438393,0.00569524,0,22.2335,-2.14127e+07
2500.26
Time: 44.240000
mutation done
selection done
Gen:165
0
0 0 0 0 0 0 0 0 0 0 
0.555911,0.438393,0.00569524,0,22.2335,-2.14127e+07
2252.07
ratio: 0.000000 stable count: 37
Time: 44.230000
mutation done
selection done
Gen:166
0
0 0 0 0 0 0 0 0 0 0 
0.555911,0.438393,0.00569524,0,22.2335,-2.14127e+07
2759.55
ratio: 0.000000 stable count: 38
Time: 44.340000
mutation done
selection done
Gen:167
0
0 0 0 0 0 0 0 0 0 0 
0.555911,0.438393,0.00569524,0,22.2335,-2.14127e+07
1603.9
ratio: 0.000000 stable count: 39
Time: 44.010000
mutation done
selection done
Gen:168
0
0 0 0 0 0 0 0 0 0 0 
0.555911,0.438393,0.00569524,0,22.2335,-2.14127e+07
2632.73
ratio: 0.000000 stable count: 40
Time: 44.190000
mutation done
selection done
Gen:169
0
0 0 0 0 0 0 0 0 0 0 
0.555911,0.438393,0.00569524,0,22.2335,-2.14127e+07
2114.1
ratio: 0.000000 stable count: 41
Time: 44.240000
mutation done
selection done
Gen:170
0
0 0 0 0 0 0 0 0 0 0 
0.555911,0.438393,0.00569524,0,22.2335,-2.14127e+07
2468.43
ratio: 0.000000 stable count: 42
Time: 44.090000
mutation done
selection done
Gen:171
0
0 0 0 0 0 0 0 0 0 0 
0.555911,0.438393,0.00569524,0,22.2335,-2.14127e+07
1161.97
ratio: 0.000000 stable count: 43
Time: 44.130000
mutation done
selection done
Gen:172
0
0 0 0 0 0 0 0 0 0 0 
0.555911,0.438393,0.00569524,0,22.2335,-2.14127e+07
2368.41
ratio: 0.000000 stable count: 44
Time: 43.890000
mutation done
selection done
Gen:173
0
0 0 0 0 0 0 0 0 0 0 
0.557266,0.437656,0.00507743,0,22.2324,-2.14117e+07
1906.06
Time: 44.170000
mutation done
selection done
Gen:174
0
0 0 0 0 0 0 0 0 0 0 
0.557266,0.437656,0.00507743,0,22.2324,-2.14117e+07
2828.28
ratio: 0.000000 stable count: 44
Time: 43.660000
mutation done
selection done
Gen:175
0
0 0 0 0 0 0 0 0 0 0 
0.557266,0.437656,0.00507743,0,22.2324,-2.14117e+07
4280.15
ratio: 0.000000 stable count: 45
Time: 43.540000
mutation done
selection done
Gen:176
0
0 0 0 0 0 0 0 0 0 0 
0.557266,0.437656,0.00507743,0,22.2324,-2.14117e+07
2672.46
ratio: 0.000000 stable count: 46
Time: 43.670000
mutation done
selection done
Gen:177
0
0 0 0 0 0 0 0 0 0 0 
0.557266,0.437656,0.00507743,0,22.2324,-2.14117e+07
2342.93
ratio: 0.000000 stable count: 47
Time: 43.550000
mutation done
selection done
Gen:178
0
0 0 0 0 0 0 0 0 0 0 
0.557266,0.437656,0.00507743,0,22.2324,-2.14117e+07
2747.31
ratio: 0.000000 stable count: 48
Time: 43.720000
mutation done
selection done
Gen:179
0
0 0 0 0 0 0 0 0 0 0 
0.557266,0.437656,0.00507743,0,22.2324,-2.14117e+07
3985.5
ratio: 0.000000 stable count: 49
Time: 43.670000
mutation done
selection done
Gen:180
0
0 0 0 0 0 0 0 0 0 0 
0.556913,0.438009,0.00507743,0,22.2314,-2.14107e+07
1863.72
Time: 43.800000
mutation done
selection done
Gen:181
0
0 0 0 0 0 0 0 0 0 0 
0.557178,0.437287,0.0055343,0,22.2301,-2.14095e+07
2398.65
Time: 44.140000
mutation done
selection done
Gen:182
0
0 0 0 0 0 0 0 0 0 0 
0.557178,0.437287,0.0055343,0,22.2301,-2.14095e+07
2533.42
ratio: 0.000000 stable count: 48
Time: 43.710000
mutation done
selection done
Gen:183
0
0 0 0 0 0 0 0 0 0 0 
0.557178,0.437287,0.0055343,0,22.2301,-2.14095e+07
2653.69
ratio: 0.000000 stable count: 49
Time: 43.770000
mutation done
selection done
Gen:184
0
0 0 0 0 0 0 0 0 0 0 
0.557178,0.437287,0.0055343,0,22.2301,-2.14095e+07
921.005
ratio: 0.000000 stable count: 50
Time: 43.520000
mutation done
selection done
Gen:185
0
0 0 0 0 0 0 0 0 0 0 
0.557178,0.437287,0.0055343,0,22.2301,-2.14095e+07
3484.86
ratio: 0.000000 stable count: 51
Time: 43.630000
mutation done
selection done
Gen:186
0
0 0 0 0 0 0 0 0 0 0 
0.557178,0.437287,0.0055343,0,22.2301,-2.14095e+07
2182.97
ratio: 0.000000 stable count: 52
Time: 43.530000
mutation done
selection done
Gen:187
0
0 0 0 0 0 0 0 0 0 0 
0.557178,0.437287,0.0055343,0,22.2301,-2.14095e+07
2070.04
ratio: 0.000000 stable count: 53
Time: 43.520000
mutation done
selection done
Gen:188
0
0 0 0 0 0 0 0 0 0 0 
0.557178,0.437287,0.0055343,0,22.2301,-2.14095e+07
3272.48
ratio: 0.000000 stable count: 54
Time: 43.990000
mutation done
selection done
Gen:189
0
0 0 0 0 0 0 0 0 0 0 
0.557178,0.437287,0.0055343,0,22.2301,-2.14095e+07
2994.36
ratio: 0.000000 stable count: 55
Time: 44.370000
mutation done
selection done
Gen:190
0
0 0 0 0 0 0 0 0 0 0 
0.557178,0.437287,0.0055343,0,22.2301,-2.14095e+07
984.274
ratio: 0.000000 stable count: 56
Time: 44.430000
mutation done
selection done
Gen:191
0
0 0 0 0 0 0 0 0 0 0 
0.557178,0.437287,0.0055343,0,22.2301,-2.14095e+07
2487.35
ratio: 0.000000 stable count: 57
Time: 44.120000
mutation done
selection done
Gen:192
0
0 0 0 0 0 0 0 0 0 0 
0.557178,0.437287,0.0055343,0,22.2301,-2.14095e+07
2402.29
ratio: 0.000000 stable count: 58
Time: 44.180000
mutation done
selection done
Gen:193
0
0 0 0 0 0 0 0 0 0 0 
0.557178,0.437287,0.0055343,0,22.2301,-2.14095e+07
2190.97
ratio: 0.000000 stable count: 59
Time: 44.020000
mutation done
selection done
Gen:194
0
0 0 0 0 0 0 0 0 0 0 
0.557178,0.437287,0.0055343,0,22.2301,-2.14095e+07
1606.99
ratio: 0.000000 stable count: 60
Time: 44.130000
mutation done
selection done
Gen:195
0
0 0 0 0 0 0 0 0 0 0 
0.557178,0.437287,0.0055343,0,22.2301,-2.14095e+07
2741.22
ratio: 0.000000 stable count: 61
Time: 44.240000
mutation done
selection done
Gen:196
0
0 0 0 0 0 0 0 0 0 0 
0.557178,0.437287,0.0055343,0,22.2301,-2.14095e+07
1896.24
ratio: 0.000000 stable count: 62
Time: 44.140000
mutation done
selection done
Gen:197
0
0 0 0 0 0 0 0 0 0 0 
0.557178,0.437287,0.0055343,0,22.2301,-2.14095e+07
3126.12
ratio: 0.000000 stable count: 63
Time: 43.770000
mutation done
selection done
Gen:198
0
0 0 0 0 0 0 0 0 0 0 
0.557178,0.437287,0.0055343,0,22.2301,-2.14095e+07
1532.22
ratio: 0.000000 stable count: 64
Time: 43.900000
mutation done
selection done
Gen:199
0
0 0 0 0 0 0 0 0 0 0 
0.557178,0.437287,0.0055343,0,22.2301,-2.14095e+07
1418.05
ratio: 0.000000 stable count: 65
Time: 44.140000
mutation done
selection done
Gen:200
0
0 0 0 0 0 0 0 0 0 0 
0.557178,0.437287,0.0055343,0,22.2301,-2.14095e+07
1772.52
ratio: 0.000000 stable count: 66
Time: 43.650000
FINAL Population size
10
Best : -2.14095e+07   30:46-40-12-41-58-64-52-8-26-49-62-24-30-15-11-9-17-20-33-22-38-36-45-34-57-51-35-6-21-63- ,  30:19-36-41-51-56-8-52-20-43-50-0-69-18-65-39-48-29-23-2-14-60-17-10-16-26-30-63-6-47-40- ,  30:21-30-15-11-68-9-17-50-23-69-48-39-18-19-22-33-20-10-16-1-26-8-51-41-36-38-3-29-66-54- ,  30:43-13-22-45-41-27-25-34-51-8-26-49-42-15-11-9-17-50-23-69-18-32-39-48-3-0-2-14-44-60- ,  30:31-9-59-17-50-23-29-19-22-33-20-55-16-1-49-42-62-21-6-47-40-46-7-4-25-27-67-18-66-48- ,  30:55-52-64-58-34-51-56-28-8-26-16-10-20-33-22-38-66-3-23-50-43-61-17-59-11-31-9-49-42-30- ,  30:12-41-51-8-26-1-31-11-15-30-63-6-47-53-4-25-27-67-37-5-54-36-45-58-64-52-55-10-59-68- ,  30:10-59-11-49-42-62-24-63-6-35-41-27-67-5-54-19-22-33-20-17-9-1-26-8-51-34-25-4-40-46- ,  30:31-9-68-59-10-52-64-58-33-50-0-69-38-36-45-34-35-6-63-24-30-26-16-55-20-13-22-19-66-48- ,  30:28-10-17-44-61-43-33-22-38-18-37-67-27-41-51-8-26-62-49-1-16-55-20-13-50-2-0-69-66-54- ,  30:47-53-4-12-41-45-22-33-43-61-17-59-1-49-15-30-26-8-51-57-25-27-67-65-5-37-32-54-19-38- ,  30:51-64-52-20-17-60-61-43-33-50-2-0-69-38-36-41-25-4-7-47-6-56-8-55-16-9-1-26-30-21- ,  29:1-68-59-10-8-51-41-12-25-34-58-33-43-61-44-17-55-16-26-30-63-6-35-64-52-20-13-50-2- ,  26:46-53-4-12-41-36-38-69-0-3-66-54-5-65-39-48-29-19-22-33-58-35-6-47-7-40- ,  30:38-19-65-5-32-54-36-41-57-58-33-50-2-14-61-17-10-28-56-6-47-53-46-7-4-25-34-45-22-13- , 

0.557178
0.437287
0.0055343
0
22.2301
-2.14095e+07
All Run Best : -2.14095e+07   30:46-40-12-41-58-64-52-8-26-49-62-24-30-15-11-9-17-20-33-22-38-36-45-34-57-51-35-6-21-63- ,  30:19-36-41-51-56-8-52-20-43-50-0-69-18-65-39-48-29-23-2-14-60-17-10-16-26-30-63-6-47-40- ,  30:21-30-15-11-68-9-17-50-23-69-48-39-18-19-22-33-20-10-16-1-26-8-51-41-36-38-3-29-66-54- ,  30:43-13-22-45-41-27-25-34-51-8-26-49-42-15-11-9-17-50-23-69-18-32-39-48-3-0-2-14-44-60- ,  30:31-9-59-17-50-23-29-19-22-33-20-55-16-1-49-42-62-21-6-47-40-46-7-4-25-27-67-18-66-48- ,  30:55-52-64-58-34-51-56-28-8-26-16-10-20-33-22-38-66-3-23-50-43-61-17-59-11-31-9-49-42-30- ,  30:12-41-51-8-26-1-31-11-15-30-63-6-47-53-4-25-27-67-37-5-54-36-45-58-64-52-55-10-59-68- ,  30:10-59-11-49-42-62-24-63-6-35-41-27-67-5-54-19-22-33-20-17-9-1-26-8-51-34-25-4-40-46- ,  30:31-9-68-59-10-52-64-58-33-50-0-69-38-36-45-34-35-6-63-24-30-26-16-55-20-13-22-19-66-48- ,  30:28-10-17-44-61-43-33-22-38-18-37-67-27-41-51-8-26-62-49-1-16-55-20-13-50-2-0-69-66-54- ,  30:47-53-4-12-41-45-22-33-43-61-17-59-1-49-15-30-26-8-51-57-25-27-67-65-5-37-32-54-19-38- ,  30:51-64-52-20-17-60-61-43-33-50-2-0-69-38-36-41-25-4-7-47-6-56-8-55-16-9-1-26-30-21- ,  29:1-68-59-10-8-51-41-12-25-34-58-33-43-61-44-17-55-16-26-30-63-6-35-64-52-20-13-50-2- ,  26:46-53-4-12-41-36-38-69-0-3-66-54-5-65-39-48-29-19-22-33-58-35-6-47-7-40- ,  30:38-19-65-5-32-54-36-41-57-58-33-50-2-14-61-17-10-28-56-6-47-53-46-7-4-25-34-45-22-13- , 

0.557178
0.437287
0.0055343
0
22.2301
-2.14095e+07
